995
22276
0 2 1.00000000
0 1 2.00000000
0 952 9.84885780
0 34 10.81665383
0 955 10.81665383
0 35 11.18033989
0 37 11.18033989
0 36 11.70469991
0 40 13.60147051
0 866 14.31782106
0 953 14.56021978
0 38 15.00000000
0 856 15.23154621
0 39 15.62049935
0 44 19.20937271
0 43 22.80350850
0 18 23.02172887
0 865 25.01999201
0 864 29.01723626
0 50 30.23243292
0 46 36.05551275
0 45 36.35931793
0 52 37.16180835
0 100 47.01063709
1 0 2.00000000
1 61 2.00000000
1 37 11.00000000
1 952 11.70469991
1 34 12.04159458
1 35 12.20655562
1 866 12.36931688
1 36 12.52996409
1 40 12.52996409
1 955 12.52996409
1 856 13.41640786
1 38 13.89244399
1 39 14.42220510
1 953 16.49242250
1 44 17.69180601
1 43 21.26029163
1 865 23.02172887
1 18 25.01999201
1 864 27.01851217
1 50 28.60069929
1 46 34.40930107
1 45 34.66987165
1 100 45.01110974
2 0 1.00000000
2 4 4.00000000
2 952 8.94427191
2 955 10.00000000
2 34 10.29563014
2 35 10.77032961
2 36 11.40175425
2 37 11.40175425
2 953 13.60147051
2 40 14.21267040
2 866 15.29705854
2 38 15.62049935
2 856 16.15549442
2 39 16.27882060
2 44 20.00000000
2 18 22.02271555
2 43 23.60084744
2 865 26.01922366
2 864 30.01666204
2 50 31.06444913
2 46 36.89173349
2 45 37.21558813
2 52 38.07886553
2 100 48.01041554
3 4 1.41421356
3 952 5.83095189
3 5 6.00000000
3 955 7.61577311
3 953 9.43398113
3 34 10.00000000
3 35 11.04536102
3 36 12.16552506
3 37 14.42220510
3 18 17.11724277
3 21 19.72308292
4 3 1.41421356
4 2 4.00000000
4 952 5.65685425
4 5 7.07106781
4 955 7.21110255
4 34 9.05538514
4 953 9.84885780
4 35 10.00000000
4 36 11.04536102
4 37 13.03840481
4 40 17.02938637
4 18 18.02775638
4 39 19.20937271
4 866 19.23538406
4 856 19.92485885
4 44 23.32380758
4 865 30.01666204
4 864 34.01470270
4 50 34.48187930
4 45 40.70626487
4 52 41.78516483
4 100 52.00961450
5 6 1.41421356
5 10 3.60555128
5 953 5.38516481
5 952 5.83095189
5 3 6.00000000
5 4 7.07106781
5 18 11.18033989
5 17 12.08304597
5 35 13.03840481
5 36 14.42220510
5 21 14.86606875
5 25 15.23154621
5 37 18.43908891
5 20 20.24845673
5 40 23.32380758
5 39 25.55386468
5 866 26.30589288
5 856 26.92582404
5 31 28.65309756
5 33 29.96664813
5 44 29.96664813
5 859 38.32753579
5 45 47.42362281
5 52 48.70318265
5 186 49.72926704
6 5 1.41421356
6 10 2.23606798
6 953 6.08276253
6 952 7.21110255
6 18 10.44030651
6 17 10.77032961
6 22 11.18033989
6 23 13.34166406
6 24 14.56021978
6 21 14.86606875
6 25 15.81138830
6 36 15.81138830
6 20 20.59126028
6 31 29.06888371
6 33 30.46309242
7 9 1.41421356
7 8 2.00000000
7 17 6.08276253
7 18 8.48528137
7 12 9.05538514
7 953 9.48683298
7 11 11.18033989
7 954 11.40175425
7 952 12.04159458
7 14 12.52996409
7 16 12.80624847
7 15 13.45362405
7 22 14.14213562
7 21 15.23154621
7 23 16.03121954
7 24 17.00000000
7 25 18.02775638
7 20 21.84032967
7 26 30.06659276
7 30 31.25699922
7 33 32.01562119
8 7 2.00000000
8 13 5.00000000
8 17 6.08276253
8 12 7.07106781
8 11 9.21954446
8 18 10.00000000
8 14 10.81665383
8 16 11.31370850
8 15 12.20655562
8 21 17.08800749
8 25 20.02498439
8 20 23.76972865
8 26 32.06243908
8 30 33.24154028
8 33 33.95585369
9 7 1.41421356
9 10 1.41421356
9 17 7.28010989
9 953 8.24621125
9 18 8.60232527
9 954 10.19803903
9 952 10.63014581
9 22 13.03840481
9 21 14.76482306
9 15 14.86606875
9 23 15.00000000
9 24 16.03121954
9 25 17.11724277
9 20 21.18962010
9 30 30.41381265
9 33 31.32091953
10 9 1.41421356
10 6 2.23606798
10 5 3.60555128
10 953 7.07106781
10 17 8.54400375
10 18 8.94427191
10 954 9.05538514
10 952 9.21954446
10 22 12.00000000
10 23 14.03566885
10 21 14.42220510
10 24 15.13274595
10 15 16.27882060
10 25 16.27882060
10 20 20.61552813
10 37 22.02271555
10 31 29.15475947
10 30 29.61418579
10 33 30.67572330
11 12 2.23606798
11 14 4.00000000
11 16 6.08276253
11 15 8.24621125
11 8 9.21954446
11 17 10.77032961
11 7 11.18033989
11 18 17.46424920
11 21 25.31797780
11 22 25.31797780
11 23 27.16615541
11 24 28.07133770
11 25 29.01723626
11 20 32.24903099
11 29 36.01388621
11 26 41.00000000
11 30 42.04759208
12 11 2.23606798
12 13 2.23606798
12 14 5.38516481
12 8 7.07106781
12 16 7.07106781
12 15 9.00000000
12 7 9.05538514
12 17 9.43398113
12 18 15.81138830
12 21 23.53720459
12 23 25.07987241
12 24 26.01922366
12 25 27.00000000
12 20 30.41381265
12 26 39.01281841
12 30 40.11234224
13 12 2.23606798
13 8 5.00000000
13 14 7.21110255
13 17 8.48528137
13 16 8.54400375
13 15 10.19803903
13 18 14.31782106
13 21 21.84032967
13 25 25.01999201
13 20 28.63564213
13 26 37.05401463
13 30 38.20994635
13 33 38.83297568
14 16 2.23606798
14 11 4.00000000
14 12 5.38516481
14 13 7.21110255
14 17 10.00000000
14 8 10.81665383
14 7 12.52996409
14 953 21.93171220
14 954 23.76972865
14 22 26.24880950
14 23 27.89265136
14 24 28.63564213
14 25 29.42787794
14 29 36.34556369
14 26 41.19465985
14 30 42.04759208
15 16 2.23606798
15 11 8.24621125
15 17 8.94427191
15 12 9.00000000
15 13 10.19803903
15 8 12.20655562
15 7 13.45362405
15 9 14.86606875
15 10 16.27882060
15 953 22.20360331
15 954 23.85372088
15 952 25.45584412
15 22 25.94224354
16 14 2.23606798
16 15 2.23606798
16 11 6.08276253
16 12 7.07106781
16 13 8.54400375
16 17 9.21954446
16 8 11.31370850
16 7 12.80624847
16 953 21.95449840
16 954 23.70653918
16 22 26.00000000
16 23 27.51363298
16 24 28.16025568
16 25 28.86173938
17 7 6.08276253
17 8 6.08276253
17 18 7.00000000
17 9 7.28010989
17 13 8.48528137
17 10 8.54400375
17 15 8.94427191
17 16 9.21954446
17 12 9.43398113
17 14 10.00000000
17 6 10.77032961
17 11 10.77032961
17 5 12.08304597
17 953 13.45362405
17 954 15.00000000
17 22 17.00000000
17 952 17.20465053
17 23 18.38477631
17 24 18.97366596
17 25 19.64688270
17 29 26.47640459
17 37 30.23243292
17 26 31.25699922
17 30 32.06243908
17 40 35.35533906
17 39 37.58989226
17 44 42.04759208
17 45 59.50630219
18 17 7.00000000
18 21 8.00000000
18 7 8.48528137
18 9 8.60232527
18 10 8.94427191
18 953 9.48683298
18 8 10.00000000
18 954 10.29563014
18 6 10.44030651
18 5 11.18033989
18 22 11.31370850
18 23 12.20655562
18 24 12.52996409
18 25 13.00000000
18 13 14.31782106
18 952 14.31782106
18 12 15.81138830
18 3 17.11724277
18 11 17.46424920
18 4 18.02775638
18 29 19.64688270
18 2 22.02271555
18 0 23.02172887
18 27 23.76972865
18 26 24.33105012
18 1 25.01999201
18 30 25.07987241
18 61 27.01851217
18 60 28.01785145
18 62 29.01723626
18 59 31.01612484
18 866 37.05401463
18 856 37.33630941
18 857 41.43669871
18 865 48.00000000
18 859 48.66210024
18 186 60.01666435
18 101 69.02897942
19 20 4.12310563
19 32 5.00000000
19 31 7.07106781
19 33 9.21954446
19 29 9.48683298
19 28 10.77032961
19 30 10.81665383
19 26 11.31370850
19 27 12.20655562
20 19 4.12310563
20 25 5.83095189
20 29 6.40312424
20 21 7.00000000
20 24 7.21110255
20 32 7.21110255
20 28 7.81024968
20 31 8.54400375
20 23 8.60232527
20 26 9.84885780
20 27 10.00000000
20 30 10.19803903
20 33 10.19803903
20 22 10.63014581
20 954 13.45362405
20 953 15.00000000
20 5 20.24845673
20 6 20.59126028
20 10 20.61552813
20 9 21.18962010
20 7 21.84032967
20 8 23.76972865
20 13 28.63564213
20 12 30.41381265
20 11 32.24903099
21 25 6.40312424
21 24 6.70820393
21 20 7.00000000
21 23 7.28010989
21 18 8.00000000
21 22 8.00000000
21 954 9.48683298
21 953 10.29563014
21 29 12.08304597
21 955 14.31782106
21 10 14.42220510
21 9 14.76482306
21 5 14.86606875
21 6 14.86606875
21 7 15.23154621
21 27 16.15549442
21 26 16.49242250
21 8 17.08800749
21 30 17.11724277
21 3 19.72308292
21 13 21.84032967
21 12 23.53720459
21 11 25.31797780
21 856 37.12142239
21 866 37.48332963
21 857 41.04875150
21 858 44.04543109
21 865 48.66210024
21 99 68.24954212
22 23 2.23606798
22 954 3.16227766
22 24 3.60555128
22 25 5.00000000
22 953 5.09901951
22 955 6.70820393
22 21 8.00000000
22 34 9.00000000
22 20 10.63014581
22 6 11.18033989
22 18 11.31370850
22 10 12.00000000
22 9 13.03840481
22 7 14.14213562
22 17 17.00000000
22 32 17.69180601
22 61 21.02379604
22 60 21.93171220
22 62 22.84731932
22 59 24.69817807
22 11 25.31797780
22 15 25.94224354
22 16 26.00000000
22 14 26.24880950
22 856 29.15475947
22 866 29.61418579
22 857 33.06055051
22 858 36.05551275
22 95 55.97320788
22 96 56.61271942
22 98 57.72347876
22 99 60.41522987
23 24 1.41421356
23 22 2.23606798
23 954 5.38516481
23 21 7.28010989
23 953 7.28010989
23 20 8.60232527
23 18 12.20655562
23 6 13.34166406
23 10 14.03566885
23 9 15.00000000
23 7 16.03121954
23 17 18.38477631
23 12 25.07987241
23 11 27.16615541
23 16 27.51363298
23 14 27.89265136
24 23 1.41421356
24 25 1.41421356
24 22 3.60555128
24 21 6.70820393
24 954 6.70820393
24 20 7.21110255
24 953 8.54400375
24 18 12.52996409
24 6 14.56021978
24 10 15.13274595
24 9 16.03121954
24 7 17.00000000
24 17 18.97366596
24 12 26.01922366
24 11 28.07133770
24 16 28.16025568
24 14 28.63564213
25 24 1.41421356
25 22 5.00000000
25 20 5.83095189
25 21 6.40312424
25 29 7.00000000
25 954 8.06225775
25 953 9.84885780
25 26 12.04159458
25 32 12.72792206
25 18 13.00000000
25 30 13.34166406
25 31 13.60147051
25 33 14.76482306
25 5 15.23154621
25 6 15.81138830
25 10 16.27882060
25 9 17.11724277
25 7 18.02775638
25 17 19.64688270
25 8 20.02498439
25 13 25.01999201
25 12 27.00000000
25 16 28.86173938
25 11 29.01723626
25 14 29.42787794
26 27 2.23606798
26 30 2.23606798
26 28 4.47213595
26 29 5.09901951
26 33 6.08276253
26 31 7.07106781
26 32 8.54400375
26 20 9.84885780
26 19 11.31370850
26 25 12.04159458
26 21 16.49242250
26 18 24.33105012
26 7 30.06659276
26 17 31.25699922
26 8 32.06243908
26 13 37.05401463
26 12 39.01281841
26 11 41.00000000
26 14 41.19465985
27 26 2.23606798
27 28 3.00000000
27 29 4.12310563
27 33 8.24621125
27 31 9.00000000
27 20 10.00000000
27 32 10.19803903
27 19 12.20655562
27 21 16.15549442
27 18 23.76972865
28 29 1.41421356
28 27 3.00000000
28 26 4.47213595
28 30 6.40312424
28 20 7.81024968
28 33 9.43398113
28 31 9.48683298
28 32 10.04987562
28 19 10.77032961
29 28 1.41421356
29 27 4.12310563
29 26 5.09901951
29 20 6.40312424
29 30 6.70820393
29 25 7.00000000
29 31 8.94427191
29 32 9.21954446
29 33 9.21954446
29 19 9.48683298
29 21 12.08304597
29 18 19.64688270
29 17 26.47640459
29 11 36.01388621
29 14 36.34556369
30 26 2.23606798
30 33 4.00000000
30 31 5.38516481
30 28 6.40312424
30 29 6.70820393
30 32 7.21110255
30 20 10.19803903
30 19 10.81665383
30 25 13.34166406
30 21 17.11724277
30 18 25.07987241
30 10 29.61418579
30 9 30.41381265
30 7 31.25699922
30 17 32.06243908
30 8 33.24154028
30 13 38.20994635
30 12 40.11234224
30 11 42.04759208
30 14 42.04759208
31 32 2.23606798
31 33 2.23606798
31 30 5.38516481
31 19 7.07106781
31 26 7.07106781
31 20 8.54400375
31 29 8.94427191
31 27 9.00000000
31 28 9.48683298
31 25 13.60147051
31 954 21.63330765
31 953 23.32380758
31 5 28.65309756
31 6 29.06888371
31 10 29.15475947
32 31 2.23606798
32 19 5.00000000
32 20 7.21110255
32 30 7.21110255
32 26 8.54400375
32 29 9.21954446
32 28 10.04987562
32 27 10.19803903
32 25 12.72792206
32 22 17.69180601
32 954 20.61552813
32 953 22.20360331
33 31 2.23606798
33 30 4.00000000
33 26 6.08276253
33 27 8.24621125
33 19 9.21954446
33 29 9.21954446
33 28 9.43398113
33 20 10.19803903
33 25 14.76482306
33 953 24.59674775
33 5 29.96664813
33 6 30.46309242
33 10 30.67572330
33 9 31.32091953
33 7 32.01562119
33 8 33.95585369
33 13 38.83297568
34 35 1.41421356
34 955 4.24264069
34 952 5.83095189
34 37 8.24621125
34 954 8.54400375
34 22 9.00000000
34 4 9.05538514
34 3 10.00000000
34 2 10.29563014
34 0 10.81665383
34 1 12.04159458
34 61 13.45362405
34 40 14.14213562
34 60 14.21267040
34 62 15.00000000
34 59 16.64331698
34 856 20.22374842
34 866 20.88061302
34 857 24.08318916
34 858 27.07397274
34 859 31.00000000
34 186 42.10700654
34 95 47.53945730
34 96 48.10405388
34 93 50.24937811
34 179 54.08326913
34 180 55.08175742
34 181 56.08029957
34 167 60.00833275
34 166 62.03224968
34 161 69.06518660
35 34 1.41421356
35 36 1.41421356
35 37 7.07106781
35 952 7.21110255
35 4 10.00000000
35 2 10.77032961
35 3 11.04536102
35 0 11.18033989
35 1 12.20655562
35 5 13.03840481
35 40 13.03840481
35 61 13.45362405
35 60 14.14213562
35 62 14.86606875
35 59 16.40121947
35 856 19.41648784
35 866 20.24845673
35 857 23.19482701
35 858 26.17250466
35 859 30.01666204
35 860 32.01562119
35 186 41.04875150
35 95 47.01063709
35 96 47.53945730
35 93 49.92995093
35 92 52.20153254
35 179 53.03772242
35 180 54.03702434
35 181 55.03635162
35 169 58.00862005
35 167 59.00000000
35 166 61.00819617
35 161 68.02940541
36 35 1.41421356
36 37 6.00000000
36 952 8.60232527
36 4 11.04536102
36 2 11.40175425
36 0 11.70469991
36 3 12.16552506
36 1 12.52996409
36 61 13.60147051
36 60 14.21267040
36 5 14.42220510
36 62 14.86606875
36 6 15.81138830
36 59 16.27882060
36 856 18.68154169
36 866 19.69771560
36 857 22.36067977
36 858 25.31797780
36 859 29.06888371
36 860 31.06444913
36 95 46.51881340
36 93 49.64876635
36 956 50.99019514
36 92 52.00961450
36 91 54.56189146
36 90 54.67174773
36 168 56.08029957
36 169 57.03507693
36 167 58.00862005
37 36 6.00000000
37 40 6.00000000
37 35 7.07106781
37 34 8.24621125
37 1 11.00000000
37 0 11.18033989
37 61 11.18033989
37 2 11.40175425
37 60 11.40175425
37 62 11.70469991
37 955 12.08304597
37 59 12.52996409
37 856 13.00000000
37 4 13.03840481
37 952 13.03840481
37 58 13.89244399
37 3 14.42220510
37 866 14.42220510
37 57 15.26433752
37 857 16.49242250
37 954 16.76305461
37 5 18.43908891
37 56 18.86796226
37 858 19.41648784
37 10 22.02271555
37 859 23.08679276
37 860 25.07987241
37 17 30.23243292
37 55 37.44329045
37 54 40.80441153
37 53 42.20189569
37 957 44.04543109
37 93 44.82186966
37 956 46.69047012
37 958 47.20169488
37 92 47.42362281
37 168 50.08991915
37 90 50.20956084
37 91 50.20956084
37 169 51.03920062
37 167 52.00961450
38 39 1.00000000
38 40 1.41421356
38 856 7.81024968
38 857 10.29563014
38 866 10.29563014
38 59 12.04159458
38 62 12.36931688
38 60 12.64911064
38 58 13.00000000
38 61 13.00000000
38 858 13.00000000
38 1 13.89244399
38 57 14.03566885
38 0 15.00000000
38 2 15.62049935
38 63 16.12451550
38 859 16.27882060
38 56 17.26267650
38 860 18.24828759
38 67 29.83286778
38 68 32.98484500
38 69 33.24154028
38 55 34.92849839
38 54 38.01315562
38 53 39.35733731
38 184 40.31128874
38 183 41.30375286
38 182 42.29657197
38 72 42.94182111
38 168 43.18564576
38 169 44.10215414
38 958 44.29446918
38 167 45.04442252
38 166 47.01063709
38 165 49.01020302
39 38 1.00000000
39 40 2.23606798
39 44 5.00000000
39 856 7.21110255
39 857 9.43398113
39 866 9.84885780
39 858 12.08304597
39 59 12.16552506
39 62 12.64911064
39 60 13.00000000
39 58 13.03840481
39 61 13.41640786
39 57 14.00000000
39 1 14.42220510
39 859 15.29705854
39 0 15.62049935
39 63 16.03121954
39 2 16.27882060
39 56 17.11724277
39 860 17.26267650
39 4 19.20937271
39 5 25.55386468
39 64 29.27456234
39 67 29.61418579
39 68 32.75667871
39 69 32.98484500
39 55 34.53983208
39 17 37.58989226
39 184 39.31920650
39 183 40.31128874
39 182 41.30375286
39 168 42.19004622
39 169 43.10452412
39 167 44.04543109
39 166 46.01086828
39 165 48.01041554
40 38 1.41421356
40 39 2.23606798
40 37 6.00000000
40 44 7.07106781
40 856 7.81024968
40 866 10.00000000
40 857 10.77032961
40 59 11.00000000
40 62 11.18033989
40 60 11.40175425
40 61 11.70469991
40 58 12.04159458
40 1 12.52996409
40 35 13.03840481
40 57 13.15294644
40 0 13.60147051
40 858 13.60147051
40 34 14.14213562
40 2 14.21267040
40 63 15.29705854
40 56 16.49242250
40 4 17.02938637
40 859 17.11724277
40 955 17.72004515
40 952 18.38477631
40 860 19.10497317
40 954 22.56102835
40 5 23.32380758
40 186 28.01785145
40 67 29.12043956
40 68 32.28002478
40 69 32.57299495
40 55 34.43835072
40 17 35.35533906
40 54 37.58989226
40 53 38.94868419
40 179 40.01249805
40 957 40.49691346
40 180 41.01219331
40 184 41.19465985
40 181 42.01190308
40 183 42.19004622
40 72 42.54409477
40 182 43.18564576
40 958 43.90899680
40 168 44.10215414
40 169 45.04442252
40 167 46.01086828
40 166 48.00000000
40 161 55.00909016
41 44 1.41421356
41 43 2.23606798
41 857 6.32455532
41 856 7.28010989
41 858 7.81024968
41 50 9.84885780
41 859 9.84885780
41 860 11.70469991
41 59 15.26433752
41 58 15.65247584
41 45 16.15549442
41 57 16.15549442
41 62 16.40121947
41 60 17.02938637
41 61 17.69180601
41 63 17.72004515
41 52 18.11077028
41 186 20.02498439
41 185 23.08679276
41 184 33.54101966
41 183 34.52535300
41 182 35.51056181
41 168 36.34556369
41 169 37.21558813
41 167 38.11823711
42 43 1.41421356
42 51 1.41421356
42 50 6.32455532
42 857 8.06225775
42 858 8.24621125
42 859 8.48528137
42 860 10.00000000
42 856 10.29563014
42 861 12.20655562
42 52 15.00000000
42 186 17.26267650
42 59 18.60107524
42 58 18.86796226
42 62 19.84943324
42 60 20.51828453
42 185 21.02379604
42 97 21.95449840
42 184 31.04834939
42 101 31.38470965
42 183 32.01562119
42 182 32.98484500
42 168 33.73425559
43 42 1.41421356
43 41 2.23606798
43 44 3.60555128
43 857 7.00000000
43 50 7.61577311
43 858 7.61577311
43 859 8.60232527
43 856 8.94427191
43 860 10.29563014
43 861 12.52996409
43 45 13.92838828
43 52 16.03121954
43 59 17.20465053
43 58 17.49285568
43 186 18.11077028
43 62 18.43908891
43 60 19.10497317
43 61 19.79898987
43 1 21.26029163
43 185 21.54065923
43 97 22.36067977
43 0 22.80350850
43 2 23.60084744
43 101 31.76476035
43 184 31.78049716
43 183 32.75667871
43 182 33.73425559
43 168 34.52535300
43 169 35.35533906
44 41 1.41421356
44 43 3.60555128
44 39 5.00000000
44 857 5.83095189
44 856 6.08276253
44 40 7.07106781
44 858 7.81024968
44 859 10.44030651
44 50 11.18033989
44 860 12.36931688
44 59 13.89244399
44 58 14.31782106
44 57 14.86606875
44 62 15.00000000
44 60 15.62049935
44 61 16.27882060
44 63 16.49242250
44 56 17.26267650
44 45 17.46424920
44 1 17.69180601
44 0 19.20937271
44 52 19.23538406
44 2 20.00000000
44 186 21.00000000
44 4 23.32380758
44 955 24.73863375
44 952 25.29822128
44 954 29.61418579
44 5 29.96664813
44 184 34.36568055
44 183 35.35533906
44 182 36.34556369
44 168 37.21558813
44 169 38.11823711
44 167 39.05124838
44 166 41.01219331
44 17 42.04759208
44 165 43.01162634
45 46 1.41421356
45 48 3.60555128
45 52 5.00000000
45 49 5.09901951
45 50 6.32455532
45 186 8.60232527
45 860 10.77032961
45 861 11.18033989
45 859 11.66190379
45 862 12.16552506
45 43 13.92838828
45 185 14.76482306
45 858 15.62049935
45 863 16.12451550
45 41 16.15549442
45 97 16.55294536
45 44 17.46424920
45 857 17.69180601
45 864 18.11077028
45 856 21.40093456
45 98 26.00000000
45 96 28.16025568
45 95 28.86173938
45 62 31.40063694
45 60 32.20248438
45 61 33.01514804
45 1 34.66987165
45 0 36.35931793
45 93 36.49657518
45 2 37.21558813
45 92 40.44749683
45 4 40.70626487
45 957 42.01190308
45 956 42.10700654
45 53 42.19004622
45 71 44.10215414
45 91 44.40720662
45 72 45.04442252
45 5 47.42362281
45 88 48.37354649
45 87 52.34500931
45 86 56.32051136
45 17 59.50630219
46 45 1.41421356
46 47 1.41421356
46 48 2.23606798
46 49 4.47213595
46 50 5.83095189
46 52 6.40312424
46 186 10.00000000
46 860 11.40175425
46 861 12.04159458
46 859 12.08304597
46 862 13.03840481
46 858 15.81138830
46 185 16.12451550
46 863 17.02938637
46 857 17.69180601
46 97 17.88854382
46 864 19.02629759
46 856 21.26029163
46 98 27.31300057
46 96 29.41088234
46 95 30.08321791
46 62 31.24099870
46 60 32.01562119
46 61 32.80243893
46 1 34.40930107
46 0 36.05551275
46 2 36.89173349
46 93 37.65634077
46 92 41.59326869
46 957 43.00000000
46 956 43.18564576
46 71 45.04442252
46 91 45.54119015
46 72 46.01086828
46 88 49.49747468
46 87 53.46026562
46 86 57.42821606
47 48 1.00000000
47 46 1.41421356
47 49 4.24264069
47 52 7.81024968
47 186 11.40175425
47 860 12.16552506
47 859 12.64911064
47 861 13.00000000
47 858 16.12451550
47 185 17.49285568
47 857 17.80449381
47 97 19.23538406
47 98 28.63564213
47 96 30.67572330
47 95 31.32091953
47 93 38.83297568
47 92 42.75511665
47 957 44.01136217
47 956 44.28317965
47 91 46.69047012
47 958 48.01041554
47 88 50.63595560
47 87 54.58937626
47 70 57.00877125
47 86 58.54912467
48 47 1.00000000
48 46 2.23606798
48 45 3.60555128
48 49 3.60555128
48 52 8.48528137
48 186 12.04159458
48 860 12.04159458
48 859 12.36931688
48 861 13.03840481
48 858 15.65247584
48 185 18.02775638
48 97 19.72308292
48 98 29.06888371
48 96 31.01612484
48 95 31.62277660
48 93 39.05124838
48 92 42.95346319
48 956 44.40720662
48 91 46.87216658
48 88 50.80354318
48 87 54.74486277
48 86 58.69412236
49 50 1.41421356
49 48 3.60555128
49 47 4.24264069
49 46 4.47213595
49 45 5.09901951
49 52 8.54400375
49 859 9.05538514
49 860 9.05538514
49 861 10.44030651
49 186 11.66190379
49 858 12.08304597
49 857 13.60147051
49 185 16.97056275
49 97 18.43908891
49 98 27.45906044
49 99 28.42534081
49 96 29.06888371
49 95 29.54657341
49 93 36.68787266
50 49 1.41421356
50 51 5.09901951
50 46 5.83095189
50 42 6.32455532
50 45 6.32455532
50 43 7.61577311
50 859 8.00000000
50 860 8.24621125
50 52 9.21954446
50 41 9.84885780
50 861 9.84885780
50 858 10.77032961
50 44 11.18033989
50 186 12.08304597
50 857 12.20655562
50 856 15.55634919
50 185 17.02938637
50 97 18.38477631
50 62 25.49509757
50 60 26.24880950
50 61 27.01851217
50 98 27.20294102
50 99 28.31960452
50 1 28.60069929
50 96 28.65309756
50 95 29.06888371
50 0 30.23243292
50 2 31.06444913
50 4 34.48187930
51 42 1.41421356
51 50 5.09901951
51 859 8.60232527
51 858 9.05538514
51 857 9.21954446
51 860 9.89949494
51 856 11.66190379
51 861 12.04159458
51 52 14.03566885
51 186 16.49242250
51 59 20.00000000
51 58 20.24845673
51 185 20.59126028
51 62 21.26029163
51 97 21.63330765
51 60 21.93171220
51 184 30.36445290
51 99 31.24099870
51 183 31.32091953
51 182 32.28002478
52 186 3.60555128
52 45 5.00000000
52 46 6.40312424
52 47 7.81024968
52 48 8.48528137
52 49 8.54400375
52 861 8.60232527
52 50 9.21954446
52 860 9.21954446
52 862 9.43398113
52 185 9.84885780
52 859 10.81665383
52 97 11.70469991
52 863 13.00000000
52 51 14.03566885
52 864 14.86606875
52 42 15.00000000
52 858 15.26433752
52 43 16.03121954
52 857 17.88854382
52 41 18.11077028
52 44 19.23538406
52 98 21.18962010
52 856 21.93171220
52 96 23.53720459
52 95 24.33105012
52 93 32.14031736
52 92 36.12478374
52 55 36.68787266
52 0 37.16180835
52 54 37.85498646
52 956 38.00000000
52 2 38.07886553
52 957 38.20994635
52 53 38.63935817
52 91 40.11234224
52 71 40.44749683
52 72 41.30375286
52 4 41.78516483
52 955 43.93176527
52 88 44.10215414
52 952 44.38468204
52 87 48.09365863
52 5 48.70318265
52 954 48.83646179
52 86 52.08646657
53 54 1.41421356
53 71 2.23606798
53 957 3.00000000
53 72 3.60555128
53 958 5.00000000
53 92 10.19803903
53 93 11.66190379
53 94 12.04159458
53 86 17.20465053
53 95 17.80449381
53 98 22.80350850
53 56 23.43074903
53 864 24.08318916
53 865 24.08318916
53 57 27.01851217
53 866 29.06888371
53 97 29.15475947
53 185 31.01612484
53 186 36.13862200
53 52 38.63935817
53 40 38.94868419
53 38 39.35733731
53 45 42.19004622
53 37 42.20189569
54 53 1.41421356
54 55 3.60555128
54 957 4.12310563
54 956 8.06225775
54 92 11.04536102
54 93 12.08304597
54 94 13.00000000
54 95 17.69180601
54 66 17.80449381
54 56 22.02271555
54 98 22.67156810
54 865 23.02172887
54 864 23.19482701
54 57 25.61249695
54 866 27.73084925
54 97 28.63564213
54 185 30.46309242
54 186 35.44009029
54 40 37.58989226
54 52 37.85498646
54 38 38.01315562
54 37 40.80441153
55 54 3.60555128
55 69 5.00000000
55 67 7.61577311
55 957 7.61577311
55 956 11.40175425
55 92 14.03566885
55 66 14.21267040
55 93 14.31782106
55 90 15.52417470
55 94 16.12451550
55 56 18.60107524
55 95 18.60107524
55 96 20.00000000
55 865 21.09502311
55 864 21.84032967
55 57 22.20360331
55 98 23.43074903
55 866 24.69817807
55 97 28.30194340
55 185 30.01666204
55 100 31.89043744
55 40 34.43835072
55 39 34.53983208
55 186 34.53983208
55 38 34.92849839
55 52 36.68787266
55 37 37.44329045
56 63 1.41421356
56 57 3.60555128
56 66 6.00000000
56 866 8.24621125
56 856 11.18033989
56 64 12.16552506
56 67 12.64911064
56 865 14.31782106
56 69 16.15549442
56 40 16.49242250
56 39 17.11724277
56 38 17.26267650
56 44 17.26267650
56 864 18.02775638
56 55 18.60107524
56 37 18.86796226
56 54 22.02271555
56 53 23.43074903
56 957 25.45584412
56 95 26.30589288
56 96 27.16615541
56 97 27.51363298
56 93 27.73084925
56 956 28.42534081
56 98 29.00000000
56 92 29.68164416
56 91 32.01562119
56 99 32.01562119
56 90 32.20248438
56 101 34.23448554
56 100 35.51056181
57 58 1.41421356
57 63 2.23606798
57 56 3.60555128
57 866 6.40312424
57 856 8.94427191
57 40 13.15294644
57 39 14.00000000
57 38 14.03566885
57 44 14.86606875
57 37 15.26433752
57 865 15.29705854
57 41 16.15549442
57 864 19.23538406
57 55 22.20360331
57 54 25.61249695
57 53 27.01851217
57 95 28.86173938
57 957 29.00000000
57 96 29.61418579
57 93 30.88689042
57 98 31.14482300
57 956 31.89043744
57 92 33.01514804
57 99 34.05877273
57 91 35.46829570
57 90 35.60898763
57 101 36.01388621
57 100 37.12142239
58 57 1.41421356
58 59 1.41421356
58 866 6.40312424
58 856 8.60232527
58 40 12.04159458
58 38 13.00000000
58 39 13.03840481
58 37 13.89244399
58 44 14.31782106
58 41 15.65247584
58 865 16.12451550
58 43 17.49285568
58 42 18.86796226
58 864 20.09975124
58 51 20.24845673
58 95 30.08321791
58 96 30.80584360
58 93 32.24903099
58 98 32.24903099
58 956 33.30165161
58 92 34.40930107
58 99 35.12833614
58 91 36.87817783
58 101 37.00000000
58 90 37.01351105
58 100 38.05259518
59 58 1.41421356
59 62 2.00000000
59 866 6.70820393
59 856 8.48528137
59 40 11.00000000
59 38 12.04159458
59 39 12.16552506
59 37 12.52996409
59 44 13.89244399
59 41 15.26433752
59 36 16.27882060
59 35 16.40121947
59 34 16.64331698
59 865 17.02938637
59 43 17.20465053
59 952 17.46424920
59 955 18.02775638
59 42 18.60107524
59 51 20.00000000
59 864 21.02379604
59 953 22.36067977
59 22 24.69817807
59 18 31.01612484
59 95 31.32091953
59 96 32.01562119
59 98 33.37663854
59 93 33.61547263
59 956 34.71310992
59 92 35.80502758
59 99 36.22154055
59 101 38.01315562
59 91 38.28837944
59 90 38.41874542
59 100 39.01281841
60 61 1.00000000
60 62 1.00000000
60 866 9.48683298
60 856 10.81665383
60 37 11.40175425
60 40 11.40175425
60 38 12.64911064
60 39 13.00000000
60 35 14.14213562
60 34 14.21267040
60 36 14.21267040
60 952 14.56021978
60 955 15.23154621
60 44 15.62049935
60 41 17.02938637
60 43 19.10497317
60 953 19.41648784
60 865 20.02498439
60 42 20.51828453
60 22 21.93171220
60 51 21.93171220
60 864 24.02082430
60 50 26.24880950
60 18 28.01785145
60 46 32.01562119
60 45 32.20248438
60 100 42.01190308
61 60 1.00000000
61 1 2.00000000
61 866 10.44030651
61 37 11.18033989
61 856 11.66190379
61 40 11.70469991
61 38 13.00000000
61 39 13.41640786
61 34 13.45362405
61 35 13.45362405
61 36 13.60147051
61 952 13.60147051
61 955 14.31782106
61 44 16.27882060
61 41 17.69180601
61 953 18.43908891
61 43 19.79898987
61 22 21.02379604
61 865 21.02379604
61 864 25.01999201
61 18 27.01851217
61 50 27.01851217
61 46 32.80243893
61 45 33.01514804
61 100 43.01162634
62 60 1.00000000
62 59 2.00000000
62 866 8.54400375
62 856 10.00000000
62 40 11.18033989
62 37 11.70469991
62 38 12.36931688
62 39 12.64911064
62 35 14.86606875
62 36 14.86606875
62 34 15.00000000
62 44 15.00000000
62 952 15.52417470
62 955 16.15549442
62 41 16.40121947
62 43 18.43908891
62 865 19.02629759
62 42 19.84943324
62 953 20.39607805
62 51 21.26029163
62 22 22.84731932
62 864 23.02172887
62 50 25.49509757
62 18 29.01723626
62 46 31.24099870
62 45 31.40063694
62 100 41.01219331
63 56 1.41421356
63 57 2.23606798
63 866 7.61577311
63 856 10.44030651
63 865 14.86606875
63 40 15.29705854
63 39 16.03121954
63 38 16.12451550
63 44 16.49242250
63 41 17.72004515
63 864 18.68154169
63 95 27.45906044
63 96 28.28427125
63 93 29.06888371
63 956 29.83286778
63 98 30.01666204
63 92 31.06444913
63 99 33.00000000
63 91 33.42154993
63 90 33.60059523
63 101 35.12833614
63 100 36.34556369
64 67 2.00000000
64 65 2.23606798
64 66 6.32455532
64 56 12.16552506
64 866 20.00000000
64 865 21.09502311
64 864 23.43074903
64 95 25.29822128
64 96 26.57066051
64 39 29.27456234
64 98 29.54657341
64 97 31.89043744
64 185 33.24154028
64 101 35.77708764
64 100 37.58989226
65 64 2.23606798
65 66 7.00000000
65 866 21.09502311
65 865 23.02172887
65 856 24.08318916
65 864 25.49509757
65 97 34.05877273
65 185 35.38361203
65 100 39.82461550
66 56 6.00000000
66 64 6.32455532
66 65 7.00000000
66 67 7.21110255
66 866 14.14213562
66 55 14.21267040
66 856 17.11724277
66 865 17.69180601
66 54 17.80449381
66 864 20.80865205
66 957 21.63330765
66 956 25.05992817
66 93 25.70992026
66 95 26.07680962
66 92 26.92582404
66 96 27.16615541
66 90 29.06888371
66 94 29.15475947
66 98 29.61418579
66 97 30.01666204
66 185 31.06444913
66 99 32.75667871
66 101 35.44009029
66 100 37.00000000
67 64 2.00000000
67 68 3.16227766
67 69 3.60555128
67 66 7.21110255
67 55 7.61577311
67 56 12.64911064
67 956 18.97366596
67 866 20.09975124
67 865 20.12461180
67 93 21.00000000
67 92 21.37755833
67 864 22.20360331
67 90 23.08679276
67 95 23.40939982
67 94 23.53720459
67 96 24.69817807
67 98 27.73084925
67 40 29.12043956
67 39 29.61418579
67 38 29.83286778
67 97 30.41381265
67 185 31.82766093
67 101 34.00000000
67 100 35.84689666
68 69 1.00000000
68 67 3.16227766
68 93 20.22374842
68 865 22.47220505
68 866 23.19482701
68 95 23.70653918
68 864 24.18677324
68 96 25.05992817
68 98 28.30194340
68 97 31.89043744
68 40 32.28002478
68 39 32.75667871
68 38 32.98484500
68 185 33.42154993
68 101 34.66987165
68 100 36.61966685
68 186 37.21558813
69 68 1.00000000
69 67 3.60555128
69 55 5.00000000
69 56 16.15549442
69 93 19.23538406
69 865 22.13594362
69 95 22.82542442
69 866 23.34523506
69 864 23.70653918
69 96 24.18677324
69 98 27.45906044
69 97 31.24099870
69 40 32.57299495
69 185 32.80243893
69 39 32.98484500
69 38 33.24154028
69 101 33.83784863
69 100 35.80502758
69 186 36.71511950
70 86 7.07106781
70 87 7.61577311
70 85 8.94427191
70 73 9.00000000
70 958 9.00000000
70 75 9.21954446
70 959 9.84885780
70 88 9.89949494
70 72 10.04987562
70 89 10.81665383
70 77 11.18033989
70 74 12.36931688
70 76 12.52996409
70 91 13.03840481
70 78 14.42220510
70 79 15.81138830
70 92 16.55294536
70 81 17.20465053
70 80 17.69180601
70 864 37.01351105
70 863 39.01281841
70 862 43.01162634
70 861 44.01136217
70 47 57.00877125
71 72 1.41421356
71 53 2.23606798
71 957 2.82842712
71 95 18.86796226
71 864 26.01922366
71 865 26.17250466
71 97 30.67572330
71 185 32.57299495
71 186 37.85498646
71 52 40.44749683
71 45 44.10215414
71 46 45.04442252
72 71 1.41421356
72 958 1.41421356
72 957 3.16227766
72 53 3.60555128
72 70 10.04987562
72 86 13.60147051
72 78 22.20360331
72 74 22.36067977
72 80 26.07680962
72 864 27.00000000
72 865 27.29468813
72 97 31.32091953
72 866 32.64965543
72 185 33.24154028
72 186 38.63935817
72 52 41.30375286
72 40 42.54409477
72 38 42.94182111
72 45 45.04442252
72 46 46.01086828
73 74 4.24264069
73 70 9.00000000
73 86 10.63014581
73 77 10.77032961
73 75 11.40175425
73 76 11.40175425
73 78 12.04159458
73 79 13.00000000
73 80 13.34166406
73 87 13.89244399
73 81 14.03566885
73 84 17.26267650
73 88 17.46424920
73 959 18.43908891
73 91 21.18962010
73 103 23.19482701
73 92 25.00000000
73 93 28.86173938
74 73 4.24264069
74 78 9.84885780
74 77 9.89949494
74 76 10.00000000
74 80 10.00000000
74 79 10.44030651
74 81 11.18033989
74 75 11.66190379
74 86 11.70469991
74 70 12.36931688
74 82 13.15294644
74 83 14.14213562
74 87 15.52417470
74 88 19.41648784
74 102 20.09975124
74 959 21.02379604
74 958 21.21320344
74 72 22.36067977
74 91 23.34523506
74 92 27.29468813
74 93 31.25699922
74 95 39.31920650
74 865 49.64876635
74 97 52.23983155
74 185 54.23098745
74 186 60.07495318
75 86 2.23606798
75 77 3.16227766
75 70 9.21954446
75 73 11.40175425
75 74 11.66190379
76 77 1.41421356
76 78 2.23606798
76 80 6.32455532
76 74 10.00000000
76 73 11.40175425
76 70 12.52996409
77 76 1.41421356
77 75 3.16227766
77 78 3.60555128
77 86 5.00000000
77 80 7.61577311
77 74 9.89949494
77 73 10.77032961
77 70 11.18033989
78 79 1.41421356
78 76 2.23606798
78 77 3.60555128
78 80 4.12310563
78 86 8.60232527
78 74 9.84885780
78 73 12.04159458
78 70 14.42220510
78 72 22.20360331
79 78 1.41421356
79 81 1.41421356
79 80 3.00000000
79 74 10.44030651
79 73 13.00000000
79 70 15.81138830
80 81 2.23606798
80 79 3.00000000
80 82 3.60555128
80 84 4.00000000
80 78 4.12310563
80 83 4.47213595
80 76 6.32455532
80 77 7.61577311
80 74 10.00000000
80 102 10.19803903
80 86 12.52996409
80 73 13.34166406
80 70 17.69180601
80 958 24.69817807
80 72 26.07680962
81 79 1.41421356
81 82 2.00000000
81 80 2.23606798
81 84 3.60555128
81 103 9.21954446
81 74 11.18033989
81 73 14.03566885
81 70 17.20465053
82 83 1.00000000
82 81 2.00000000
82 84 2.23606798
82 80 3.60555128
82 103 7.28010989
82 74 13.15294644
83 82 1.00000000
83 84 2.00000000
83 80 4.47213595
83 102 6.00000000
83 103 6.32455532
83 74 14.14213562
84 83 2.00000000
84 82 2.23606798
84 81 3.60555128
84 80 4.00000000
84 103 6.00000000
84 102 6.32455532
84 73 17.26267650
85 87 1.41421356
85 89 2.23606798
85 88 3.16227766
85 959 6.40312424
85 70 8.94427191
85 958 9.43398113
85 956 9.84885780
85 865 35.46829570
86 75 2.23606798
86 87 4.00000000
86 77 5.00000000
86 70 7.07106781
86 78 8.60232527
86 959 10.44030651
86 73 10.63014581
86 74 11.70469991
86 958 12.20655562
86 80 12.52996409
86 72 13.60147051
86 956 14.31782106
86 53 17.20465053
86 864 38.83297568
86 863 40.79215611
86 862 44.72135955
86 861 45.70557953
86 186 49.01020302
86 52 52.08646657
86 45 56.32051136
86 46 57.42821606
86 47 58.54912467
86 48 58.69412236
87 85 1.41421356
87 89 3.60555128
87 86 4.00000000
87 88 4.00000000
87 959 6.70820393
87 70 7.61577311
87 958 9.21954446
87 956 10.44030651
87 73 13.89244399
87 74 15.52417470
87 864 34.92849839
87 863 36.87817783
87 862 40.79215611
87 861 41.77319715
87 186 45.01110974
87 52 48.09365863
87 45 52.34500931
87 46 53.46026562
87 47 54.58937626
87 48 54.74486277
88 89 2.23606798
88 85 3.16227766
88 959 3.60555128
88 87 4.00000000
88 91 4.00000000
88 956 6.70820393
88 958 7.28010989
88 70 9.89949494
88 73 17.46424920
88 74 19.41648784
88 864 31.04834939
88 865 32.31098884
88 863 32.98484500
88 862 36.87817783
88 861 37.85498646
88 186 41.01219331
88 52 44.10215414
88 45 48.37354649
88 46 49.49747468
88 47 50.63595560
88 48 50.80354318
89 85 2.23606798
89 88 2.23606798
89 87 3.60555128
89 958 9.48683298
89 70 10.81665383
90 91 1.41421356
90 94 2.23606798
90 92 3.16227766
90 956 4.12310563
90 959 5.00000000
90 55 15.52417470
90 67 23.08679276
90 864 26.57066051
90 865 28.17800561
90 66 29.06888371
90 56 32.20248438
90 63 33.60059523
90 57 35.60898763
90 866 36.12478374
90 58 37.01351105
90 59 38.41874542
90 37 50.20956084
90 36 54.67174773
91 90 1.41421356
91 94 3.60555128
91 956 3.60555128
91 959 3.60555128
91 88 4.00000000
91 92 4.00000000
91 70 13.03840481
91 73 21.18962010
91 74 23.34523506
91 864 27.20294102
91 865 28.63564213
91 863 29.12043956
91 56 32.01562119
91 862 32.98484500
91 63 33.42154993
91 861 33.95585369
91 57 35.46829570
91 866 36.23534186
91 58 36.87817783
91 186 37.01351105
91 59 38.28837944
91 52 40.11234224
91 45 44.40720662
91 46 45.54119015
91 47 46.69047012
91 48 46.87216658
91 37 50.20956084
91 36 54.56189146
92 94 2.23606798
92 90 3.16227766
92 956 3.60555128
92 91 4.00000000
92 93 4.00000000
92 959 6.70820393
92 957 7.28010989
92 53 10.19803903
92 54 11.04536102
92 55 14.03566885
92 70 16.55294536
92 67 21.37755833
92 864 23.40939982
92 73 25.00000000
92 865 25.05992817
92 863 25.29822128
92 66 26.92582404
92 74 27.29468813
92 862 29.12043956
92 56 29.68164416
92 861 30.08321791
92 63 31.06444913
92 57 33.01514804
92 186 33.01514804
92 866 33.24154028
92 58 34.40930107
92 59 35.80502758
92 52 36.12478374
92 45 40.44749683
92 46 41.59326869
92 47 42.75511665
92 48 42.95346319
92 37 47.42362281
92 36 52.00961450
92 35 52.20153254
93 92 4.00000000
93 956 6.70820393
93 95 8.06225775
93 957 9.21954446
93 959 10.44030651
93 53 11.66190379
93 54 12.08304597
93 55 14.31782106
93 69 19.23538406
93 864 19.69771560
93 68 20.22374842
93 67 21.00000000
93 97 21.02379604
93 863 21.54065923
93 865 21.63330765
93 185 23.02172887
93 862 25.29822128
93 66 25.70992026
93 861 26.24880950
93 56 27.73084925
93 73 28.86173938
93 186 29.01723626
93 63 29.06888371
93 866 30.47950131
93 57 30.88689042
93 74 31.25699922
93 52 32.14031736
93 58 32.24903099
93 59 33.61547263
93 45 36.49657518
93 49 36.68787266
93 46 37.65634077
93 47 38.83297568
93 48 39.05124838
93 37 44.82186966
93 36 49.64876635
93 35 49.92995093
93 34 50.24937811
94 90 2.23606798
94 92 2.23606798
94 91 3.60555128
94 956 5.09901951
94 959 7.07106781
94 957 9.05538514
94 53 12.04159458
94 54 13.00000000
94 55 16.12451550
94 67 23.53720459
94 66 29.15475947
95 96 1.41421356
95 98 5.00000000
95 93 8.06225775
95 97 13.00000000
95 864 13.45362405
95 956 14.56021978
95 863 15.00000000
95 957 16.12451550
95 865 16.40121947
95 54 17.69180601
95 53 17.80449381
95 862 18.35755975
95 959 18.43908891
95 55 18.60107524
95 71 18.86796226
95 861 19.23538406
95 186 21.09502311
95 69 22.82542442
95 67 23.40939982
95 68 23.70653918
95 52 24.33105012
95 64 25.29822128
95 66 26.07680962
95 56 26.30589288
95 866 26.83281573
95 63 27.45906044
95 45 28.86173938
95 57 28.86173938
95 50 29.06888371
95 49 29.54657341
95 46 30.08321791
95 58 30.08321791
95 47 31.32091953
95 59 31.32091953
95 48 31.62277660
95 74 39.31920650
95 36 46.51881340
95 35 47.01063709
95 34 47.53945730
95 955 49.33558553
95 22 55.97320788
96 95 1.41421356
96 98 3.60555128
96 97 12.04159458
96 864 13.45362405
96 863 14.86606875
96 865 16.64331698
96 862 18.02775638
96 861 18.86796226
96 55 20.00000000
96 186 20.22374842
96 52 23.53720459
96 69 24.18677324
96 67 24.69817807
96 68 25.05992817
96 64 26.57066051
96 56 27.16615541
96 66 27.16615541
96 866 27.31300057
96 45 28.16025568
96 63 28.28427125
96 50 28.65309756
96 49 29.06888371
96 46 29.41088234
96 57 29.61418579
96 47 30.67572330
96 58 30.80584360
96 48 31.01612484
96 59 32.01562119
96 35 47.53945730
96 34 48.10405388
96 955 50.00000000
96 22 56.61271942
97 185 2.00000000
97 186 8.24621125
97 863 9.05538514
97 101 9.43398113
97 98 9.48683298
97 100 9.48683298
97 862 9.48683298
97 864 9.48683298
97 861 9.84885780
97 99 10.00000000
97 52 11.70469991
97 96 12.04159458
97 860 12.08304597
97 95 13.00000000
97 45 16.55294536
97 46 17.88854382
97 50 18.38477631
97 49 18.43908891
97 47 19.23538406
97 48 19.72308292
97 93 21.02379604
97 51 21.63330765
97 42 21.95449840
97 43 22.36067977
97 956 27.29468813
97 56 27.51363298
97 957 28.16025568
97 55 28.30194340
97 54 28.63564213
97 53 29.15475947
97 66 30.01666204
97 67 30.41381265
97 71 30.67572330
97 69 31.24099870
97 959 31.25699922
97 72 31.32091953
97 64 31.89043744
97 68 31.89043744
97 65 34.05877273
97 74 52.23983155
98 99 3.16227766
98 96 3.60555128
98 95 5.00000000
98 101 6.40312424
98 100 8.48528137
98 97 9.48683298
98 864 13.41640786
98 863 14.42220510
98 862 16.97056275
98 865 17.08800749
98 861 17.69180601
98 52 21.18962010
98 54 22.67156810
98 53 22.80350850
98 55 23.43074903
98 45 26.00000000
98 50 27.20294102
98 46 27.31300057
98 49 27.45906044
98 69 27.45906044
98 67 27.73084925
98 866 28.16025568
98 68 28.30194340
98 47 28.63564213
98 56 29.00000000
98 48 29.06888371
98 64 29.54657341
98 66 29.61418579
98 63 30.01666204
98 57 31.14482300
98 58 32.24903099
98 59 33.37663854
98 952 50.80354318
98 955 51.19570294
98 953 55.73149917
98 22 57.72347876
99 98 3.16227766
99 101 3.60555128
99 100 5.83095189
99 97 10.00000000
99 864 15.81138830
99 863 16.55294536
99 862 18.60107524
99 861 19.20937271
99 865 19.64688270
99 50 28.31960452
99 49 28.42534081
99 866 30.80584360
99 51 31.24099870
99 56 32.01562119
99 66 32.75667871
99 63 33.00000000
99 57 34.05877273
99 58 35.12833614
99 59 36.22154055
99 952 53.60037313
99 955 53.93514624
99 953 58.54912467
99 22 60.41522987
99 21 68.24954212
100 101 2.23606798
100 99 5.83095189
100 98 8.48528137
100 97 9.48683298
100 864 18.00000000
100 863 18.11077028
100 55 31.89043744
100 56 35.51056181
100 69 35.80502758
100 67 35.84689666
100 63 36.34556369
100 68 36.61966685
100 66 37.00000000
100 57 37.12142239
100 64 37.58989226
100 58 38.05259518
100 59 39.01281841
100 65 39.82461550
100 62 41.01219331
100 60 42.01190308
100 61 43.01162634
100 1 45.01110974
100 0 47.01063709
100 2 48.01041554
100 4 52.00961450
101 100 2.23606798
101 99 3.60555128
