353
9514
0 2 3.00000000
0 5 8.00000000
0 4 8.94427191
0 6 10.04987562
0 7 11.18033989
0 10 12.64911064
0 8 13.92838828
0 9 15.65247584
0 28 17.02938637
0 27 17.11724277
0 29 18.11077028
0 26 18.24828759
0 90 33.42154993
0 351 40.52159918
0 350 40.80441153
0 13 41.43669871
0 352 41.48493703
0 12 41.78516483
0 84 42.04759208
0 83 42.48529157
0 76 42.54409477
0 80 43.01162634
0 11 43.08131846
0 81 43.27817002
0 15 43.41658669
0 82 43.41658669
0 77 43.82921400
0 98 43.86342440
0 79 44.10215414
0 14 44.14748011
0 99 44.55333882
0 16 44.72135955
0 78 45.65084884
1 3 2.00000000
1 2 3.16227766
1 4 9.21954446
1 5 10.81665383
1 10 16.40121947
1 8 17.80449381
1 9 19.84943324
1 90 38.18376618
1 12 47.75981575
1 84 47.92702787
1 83 48.33218389
1 76 48.46648326
1 80 48.54894438
1 81 48.60041152
1 82 48.82622246
1 11 49.04079934
1 98 49.04079934
1 99 49.57822102
1 77 49.65883607
1 79 49.73932046
1 78 51.42956348
2 3 1.41421356
2 0 3.00000000
2 1 3.16227766
2 4 8.06225775
2 5 8.54400375
2 6 10.77032961
2 7 12.08304597
2 10 13.89244399
2 8 15.26433752
2 9 17.20465053
2 27 20.09975124
2 26 21.21320344
2 90 35.38361203
2 351 43.41658669
2 350 43.68065934
2 13 44.27188724
2 352 44.38468204
2 12 44.59820624
2 84 44.77722635
2 83 45.18849411
2 76 45.31004304
2 80 45.48626166
2 81 45.60701700
2 82 45.80392996
2 11 45.88027899
2 98 46.09772229
2 15 46.32493929
2 77 46.51881340
2 79 46.64761516
2 99 46.69047012
2 14 47.07440918
2 16 47.67598976
2 78 48.30113870
3 2 1.41421356
3 1 2.00000000
3 4 9.00000000
3 5 9.84885780
3 6 12.08304597
3 7 13.41640786
3 10 15.26433752
3 8 16.64331698
3 9 18.60107524
3 90 36.79673899
4 5 4.00000000
4 2 8.06225775
4 0 8.94427191
4 3 9.00000000
4 1 9.21954446
4 27 21.84032967
4 26 22.56102835
4 28 22.84731932
4 29 24.16609195
4 25 26.47640459
4 22 45.70557953
4 17 50.00999900
4 18 53.03772242
4 21 53.23532662
4 74 55.22680509
4 75 57.14017851
5 6 2.23606798
5 7 3.60555128
5 4 4.00000000
5 10 5.65685425
5 0 8.00000000
5 2 8.54400375
5 9 9.21954446
5 3 9.84885780
5 1 10.81665383
5 27 18.02775638
5 26 18.68154169
5 28 19.23538406
5 29 20.59126028
5 25 22.56102835
5 20 37.85498646
5 81 38.58756276
5 98 38.83297568
5 80 38.91015292
5 82 38.94868419
5 351 39.11521443
5 99 39.20459157
5 350 39.20459157
5 84 39.29376541
5 13 39.45883931
5 83 39.56008089
5 12 39.62322551
5 76 40.02499219
5 352 40.11234224
5 79 40.31128874
5 11 40.79215611
5 77 40.80441153
5 22 41.77319715
5 15 42.10700654
5 78 42.37924020
5 14 43.04648650
5 16 44.00000000
5 17 46.01086828
5 18 49.04079934
5 21 49.25444142
5 74 51.24451190
5 75 53.15072906
6 7 1.41421356
6 5 2.23606798
6 10 3.60555128
6 0 10.04987562
6 2 10.77032961
6 3 12.08304597
6 27 17.88854382
6 26 18.38477631
6 28 19.41648784
6 29 20.80865205
6 25 22.13594362
6 19 33.52610923
6 81 36.71511950
6 98 36.89173349
6 82 37.12142239
6 80 37.16180835
6 20 37.36308338
6 84 37.85498646
6 351 38.01315562
6 350 38.05259518
6 83 38.07886553
6 13 38.20994635
6 12 38.32753579
6 79 38.62641583
6 76 38.63935817
6 352 39.01281841
6 77 39.29376541
6 11 39.45883931
6 78 40.80441153
6 15 41.01219331
6 22 41.23105626
6 14 42.00000000
6 16 43.04648650
6 17 45.09988914
6 18 48.16637832
6 21 48.50773134
6 74 50.48762225
6 75 52.34500931
7 6 1.41421356
7 10 2.23606798
7 5 3.60555128
7 0 11.18033989
7 2 12.08304597
7 3 13.41640786
7 27 17.49285568
7 26 17.88854382
7 28 19.20937271
7 29 20.61552813
7 25 21.54065923
7 19 32.89376841
7 80 35.84689666
7 84 36.67424164
7 20 36.68787266
7 83 36.87817783
7 351 37.00000000
7 350 37.01351105
7 13 37.12142239
7 12 37.21558813
7 79 37.33630941
7 76 37.48332963
7 77 38.07886553
7 11 38.32753579
7 78 39.56008089
7 22 40.52159918
7 14 41.01219331
7 16 42.10700654
7 17 44.18144407
7 18 47.26520919
7 21 47.67598976
7 74 49.64876635
7 75 51.47815070
8 10 1.41421356
8 9 2.23606798
8 0 13.92838828
8 2 15.26433752
8 27 16.27882060
8 26 16.40121947
8 3 16.64331698
8 1 17.80449381
8 28 18.43908891
8 25 19.72308292
8 19 30.87069808
8 82 32.20248438
8 80 32.31098884
8 84 33.37663854
8 83 33.54101966
8 79 33.83784863
8 13 34.01470270
8 350 34.01470270
8 12 34.05877273
8 351 34.05877273
8 76 34.23448554
8 20 34.53983208
8 77 34.71310992
8 11 35.12833614
8 78 36.13862200
8 14 38.11823711
8 22 38.27531842
8 16 39.31920650
8 17 41.43669871
8 18 44.55333882
8 21 45.12205669
8 74 47.07440918
8 75 48.83646179
9 8 2.23606798
9 10 3.60555128
9 85 4.47213595
9 5 9.21954446
9 26 15.55634919
9 27 15.62049935
9 0 15.65247584
9 2 17.20465053
9 28 18.02775638
9 90 18.43908891
9 3 18.60107524
9 25 18.60107524
9 1 19.84943324
9 19 29.52964612
9 81 29.52964612
9 98 29.68164416
9 82 29.96664813
9 99 30.00000000
9 80 30.08321791
9 84 31.25699922
9 83 31.40063694
9 79 31.62277660
9 13 32.00000000
9 12 32.01562119
9 350 32.06243908
9 76 32.14031736
9 351 32.14031736
9 77 32.55764119
9 11 33.06055051
9 20 33.10589071
9 78 33.95585369
9 14 36.22154055
9 22 36.76955262
9 16 37.48332963
9 17 39.62322551
9 18 42.75511665
9 21 43.41658669
9 74 45.35416188
9 75 47.07440918
10 8 1.41421356
10 7 2.23606798
10 6 3.60555128
10 9 3.60555128
10 5 5.65685425
10 0 12.64911064
10 2 13.89244399
10 3 15.26433752
10 1 16.40121947
10 27 16.40121947
10 26 16.64331698
10 28 18.38477631
10 25 20.12461180
10 19 31.38470965
10 81 33.12099032
10 98 33.28663395
10 82 33.54101966
10 80 33.61547263
10 84 34.52535300
10 83 34.71310992
10 350 35.00000000
10 351 35.01428280
10 13 35.05709629
10 20 35.11409973
10 79 35.11409973
10 12 35.12833614
10 76 35.35533906
10 77 35.90264614
10 11 36.22154055
10 78 37.36308338
10 22 38.89730068
10 14 39.05124838
10 16 40.19950248
10 17 42.29657197
10 18 45.39823785
10 21 45.89117562
10 74 47.85394446
10 75 49.64876635
11 12 1.41421356
11 76 1.41421356
11 90 21.47091055
11 91 21.63330765
11 24 22.02271555
11 25 22.20360331
11 92 24.08318916
11 26 25.55386468
11 85 31.06444913
11 87 31.40063694
11 86 32.55764119
11 9 33.06055051
11 89 33.24154028
11 88 33.73425559
11 8 35.12833614
11 10 36.22154055
11 7 38.32753579
11 6 39.45883931
11 5 40.79215611
11 0 43.08131846
11 2 45.88027899
11 1 49.04079934
12 13 1.00000000
12 11 1.41421356
12 76 2.00000000
12 84 3.16227766
12 80 10.77032961
12 82 13.00000000
12 81 14.31782106
12 20 15.13274595
12 19 16.15549442
12 98 16.55294536
12 99 18.78829423
12 24 20.61552813
12 25 20.80865205
12 90 21.09502311
12 91 21.40093456
12 92 24.04163056
12 26 24.18677324
12 93 24.83948470
12 95 26.40075756
12 94 28.60069929
12 85 30.14962686
12 87 30.59411708
12 86 31.78049716
12 9 32.01562119
12 89 32.57299495
12 88 32.98484500
12 8 34.05877273
12 10 35.12833614
12 7 37.21558813
12 6 38.32753579
12 5 39.62322551
12 110 40.24922359
12 0 41.78516483
12 2 44.59820624
12 1 47.75981575
13 12 1.00000000
13 350 2.00000000
13 84 4.12310563
13 80 11.70469991
13 82 13.92838828
13 20 14.14213562
13 19 15.23154621
13 81 15.23154621
13 98 17.46424920
13 99 19.69771560
13 24 20.00000000
13 25 20.24845673
13 90 21.63330765
13 91 22.02271555
13 26 23.70653918
13 92 24.75883681
13 93 25.61249695
13 95 27.20294102
13 94 29.41088234
13 85 30.26549190
13 87 30.80584360
13 9 32.00000000
13 86 32.01562119
13 89 32.89376841
13 88 33.24154028
13 8 34.01470270
13 10 35.05709629
13 7 37.12142239
13 6 38.20994635
13 5 39.45883931
13 110 41.14608122
13 0 41.43669871
13 2 44.27188724
14 15 1.41421356
14 16 2.23606798
14 352 3.16227766
14 351 4.12310563
14 22 10.19803903
14 20 11.66190379
14 23 11.70469991
14 19 14.14213562
14 24 21.54065923
14 25 22.13594362
14 26 25.96150997
14 85 34.92849839
14 9 36.22154055
14 8 38.11823711
14 10 39.05124838
14 7 41.01219331
14 6 42.00000000
14 5 43.04648650
14 0 44.14748011
14 2 47.07440918
15 14 1.41421356
15 352 2.00000000
15 16 3.60555128
15 22 11.04536102
15 20 12.08304597
15 23 12.36931688
15 19 14.21267040
15 24 21.02379604
15 25 21.54065923
15 26 25.29822128
15 6 41.01219331
15 5 42.10700654
15 0 43.41658669
15 2 46.32493929
16 14 2.23606798
16 17 2.23606798
16 15 3.60555128
16 352 5.00000000
16 351 5.83095189
16 21 7.07106781
16 22 8.54400375
16 74 8.60232527
16 23 10.29563014
16 20 10.63014581
16 19 13.60147051
16 24 21.84032967
16 25 22.56102835
16 26 26.47640459
16 85 36.40054945
16 87 37.33630941
16 9 37.48332963
16 86 38.62641583
16 8 39.31920650
16 89 39.81205847
16 88 39.92492956
16 10 40.19950248
16 7 42.10700654
16 6 43.04648650
16 5 44.00000000
16 0 44.72135955
16 2 47.67598976
17 16 2.23606798
17 18 3.16227766
17 21 5.00000000
17 74 6.40312424
17 75 7.61577311
17 22 8.60232527
17 23 10.63014581
17 20 11.40175425
17 19 14.76482306
17 24 23.53720459
17 25 24.33105012
17 26 28.28427125
17 85 38.60051813
17 87 39.56008089
17 9 39.62322551
17 86 40.85339643
17 8 41.43669871
17 89 42.04759208
17 88 42.15447782
17 10 42.29657197
17 7 44.18144407
17 6 45.09988914
17 5 46.01086828
17 4 50.00999900
18 21 3.00000000
18 17 3.16227766
18 74 3.60555128
18 75 4.47213595
18 22 10.00000000
18 23 12.20655562
18 20 13.41640786
18 19 17.08800749
18 24 26.30589288
18 25 27.16615541
18 26 31.14482300
18 85 41.76122604
18 9 42.75511665
18 8 44.55333882
18 10 45.39823785
18 7 47.26520919
18 6 48.16637832
18 5 49.04079934
18 4 53.03772242
19 20 4.00000000
19 24 10.19803903
19 25 11.40175425
19 351 12.52996409
19 352 13.03840481
19 350 13.41640786
19 16 13.60147051
19 14 14.14213562
19 15 14.21267040
19 17 14.76482306
19 13 15.23154621
19 12 16.15549442
19 21 16.27882060
19 18 17.08800749
19 76 18.02775638
19 84 18.68154169
19 83 19.64688270
19 75 20.39607805
19 79 24.33105012
19 80 25.07987241
19 82 27.01851217
19 81 28.00000000
19 90 28.63564213
19 9 29.52964612
19 85 30.00000000
19 98 30.01666204
19 91 30.08321791
19 8 30.87069808
19 10 31.38470965
19 87 31.89043744
19 99 32.06243908
19 7 32.89376841
19 86 33.30165161
19 6 33.52610923
19 92 33.83784863
19 88 34.71310992
19 89 35.35533906
19 93 35.44009029
19 95 37.36308338
19 110 52.39274759
19 111 54.12947441
19 112 55.90169944
19 113 57.70615219
19 114 58.21511831
20 23 2.23606798
20 19 4.00000000
20 22 4.00000000
20 16 10.63014581
20 351 11.18033989
20 17 11.40175425
20 352 11.40175425
20 14 11.66190379
20 15 12.08304597
20 350 12.16552506
20 21 12.36931688
20 18 13.41640786
20 13 14.14213562
20 24 14.14213562
20 12 15.13274595
20 25 15.29705854
20 76 17.11724277
20 84 18.02775638
20 83 19.02629759
20 79 24.00000000
20 80 25.07987241
20 82 27.16615541
20 81 28.28427125
20 98 30.41381265
20 90 30.52867504
20 91 31.76476035
20 99 32.55764119
20 9 33.10589071
20 85 33.28663395
20 8 34.53983208
20 87 35.00000000
20 10 35.11409973
20 92 35.34119409
20 86 36.40054945
20 7 36.68787266
20 93 36.76955262
20 6 37.36308338
20 88 37.80211634
20 5 37.85498646
20 89 38.28837944
20 95 38.62641583
20 110 53.45091206
20 111 55.08175742
20 112 56.75385449
20 113 58.46366393
21 74 2.00000000
21 18 3.00000000
21 75 4.12310563
21 17 5.00000000
21 16 7.07106781
21 22 8.54400375
21 352 12.04159458
21 20 12.36931688
21 351 12.80624847
21 19 16.27882060
21 24 26.01922366
21 25 27.00000000
21 85 42.72001873
21 9 43.41658669
21 87 43.86342440
21 8 45.12205669
21 86 45.18849411
21 10 45.89117562
21 88 46.51881340
21 89 46.52956050
21 7 47.67598976
21 6 48.50773134
21 5 49.25444142
21 4 53.23532662
22 23 2.23606798
22 20 4.00000000
22 16 8.54400375
22 21 8.54400375
22 17 8.60232527
22 18 10.00000000
22 14 10.19803903
22 15 11.04536102
22 352 11.04536102
22 351 11.18033989
22 24 18.11077028
22 25 19.23538406
22 80 25.70992026
22 82 27.89265136
22 81 29.12043956
22 98 31.32091953
22 90 32.80243893
22 99 33.52610923
22 91 33.83784863
22 85 36.71511950
22 9 36.76955262
22 92 37.21558813
22 8 38.27531842
22 87 38.27531842
22 93 38.47076812
22 10 38.89730068
22 86 39.66106403
22 95 40.24922359
22 7 40.52159918
22 88 41.04875150
22 6 41.23105626
22 89 41.40048309
22 5 41.77319715
22 4 45.70557953
22 110 54.78138370
22 111 56.30275304
22 112 57.87054518
23 20 2.23606798
23 22 2.23606798
23 16 10.29563014
23 17 10.63014581
23 14 11.70469991
23 351 12.00000000
23 352 12.04159458
23 18 12.20655562
23 15 12.36931688
23 84 19.02629759
23 79 25.07987241
23 80 26.30589288
23 82 28.44292531
23 81 29.61418579
23 98 31.78049716
23 90 32.44996148
23 91 33.61547263
23 99 33.95585369
23 85 35.51056181
23 92 37.12142239
23 87 37.20215048
23 93 38.48376281
23 86 38.60051813
23 88 40.00000000
23 95 40.31128874
23 89 40.45985665
23 110 55.02726597
23 111 56.61271942
23 112 58.24087911
23 113 59.90826320
24 25 1.41421356
24 19 10.19803903
24 20 14.14213562
24 22 18.11077028
24 351 18.35755975
24 350 18.86796226
24 352 19.23538406
24 13 20.00000000
24 12 20.61552813
24 15 21.02379604
24 85 21.26029163
24 14 21.54065923
24 16 21.84032967
24 76 21.93171220
24 84 21.93171220
24 11 22.02271555
24 83 22.67156810
24 17 23.53720459
24 87 23.60084744
24 90 24.08318916
24 80 25.94224354
24 21 26.01922366
24 91 26.01922366
24 79 26.07680962
24 78 26.24880950
24 18 26.30589288
24 82 27.31300057
24 89 27.45906044
24 81 27.85677655
24 98 29.41088234
24 92 30.01666204
24 75 30.06659276
24 99 31.04834939
24 93 32.00000000
24 96 37.85498646
24 113 55.00909016
24 114 56.22277119
25 24 1.41421356
25 26 4.00000000
25 19 11.40175425
25 20 15.29705854
25 9 18.60107524
25 351 18.78829423
25 22 19.23538406
25 350 19.23538406
25 352 19.69771560
25 8 19.72308292
25 85 19.84943324
25 10 20.12461180
25 13 20.24845673
25 12 20.80865205
25 7 21.54065923
25 15 21.54065923
25 84 21.93171220
25 76 22.02271555
25 6 22.13594362
25 14 22.13594362
25 11 22.20360331
25 87 22.20360331
25 5 22.56102835
25 16 22.56102835
25 83 22.62741700
25 90 23.02172887
25 17 24.33105012
25 91 25.00000000
25 80 25.55386468
25 79 25.80697580
25 89 26.07680962
25 78 26.17250466
25 4 26.47640459
25 82 26.83281573
25 21 27.00000000
25 18 27.16615541
25 81 27.31300057
25 98 28.79236010
25 99 30.36445290
25 75 31.01612484
25 93 31.01612484
25 96 37.10795063
25 113 54.03702434
25 115 54.57105460
25 114 55.32630477
26 27 1.41421356
26 25 4.00000000
26 9 15.55634919
26 8 16.40121947
26 10 16.64331698
26 85 17.49285568
26 7 17.88854382
26 0 18.24828759
26 6 18.38477631
26 5 18.68154169
26 87 20.12461180
26 2 21.21320344
26 351 22.47220505
26 4 22.56102835
26 350 22.84731932
26 90 23.19482701
26 352 23.40939982
26 13 23.70653918
26 89 24.16609195
26 12 24.18677324
26 84 25.00000000
26 76 25.23885893
26 15 25.29822128
26 91 25.31797780
26 11 25.55386468
26 83 25.61249695
26 14 25.96150997
26 16 26.47640459
26 77 27.01851217
26 80 27.80287755
26 17 28.28427125
26 79 28.31960452
26 82 28.84441020
26 78 29.06888371
26 81 29.15475947
26 98 30.41381265
26 18 31.14482300
26 93 31.40063694
26 99 31.78049716
26 75 35.01428280
26 96 38.27531842
26 109 41.43669871
26 115 55.65968020
26 114 55.90169944
27 26 1.41421356
27 28 3.00000000
27 9 15.62049935
27 8 16.27882060
27 10 16.40121947
27 0 17.11724277
27 7 17.49285568
27 6 17.88854382
27 85 17.88854382
27 5 18.02775638
27 2 20.09975124
27 87 20.61552813
27 4 21.84032967
27 90 24.33105012
27 89 24.69817807
27 91 26.47640459
27 80 29.20616373
27 79 29.73213749
27 82 30.23243292
27 81 30.52867504
27 98 31.76476035
27 99 33.10589071
27 96 39.56008089
27 109 42.72001873
27 115 56.92099788
27 114 57.07013229
28 29 1.41421356
28 27 3.00000000
28 0 17.02938637
28 9 18.02775638
28 10 18.38477631
28 8 18.43908891
28 7 19.20937271
28 5 19.23538406
28 6 19.41648784
28 85 20.61552813
28 4 22.84731932
28 87 23.40939982
28 89 27.51363298
29 28 1.41421356
29 0 18.11077028
29 5 20.59126028
29 7 20.61552813
29 6 20.80865205
29 4 24.16609195
30 31 1.00000000
30 32 4.47213595
30 38 6.70820393
30 33 7.28010989
30 36 8.48528137
30 40 9.05538514
30 34 9.21954446
30 47 22.20360331
30 45 27.29468813
30 48 28.16025568
30 49 30.67572330
30 263 34.00000000
30 253 39.20459157
30 264 39.40812099
30 252 40.45985665
30 246 41.03656906
30 258 41.88078318
30 256 48.87739764
31 30 1.00000000
31 32 5.00000000
31 38 6.32455532
31 33 7.07106781
31 36 7.81024968
31 40 8.06225775
31 37 9.21954446
31 34 9.48683298
31 47 21.21320344
31 45 26.30589288
31 48 27.20294102
31 266 29.06888371
31 49 29.73213749
31 265 29.73213749
31 251 32.55764119
31 263 33.12099032
31 253 38.41874542
31 264 38.60051813
31 252 39.69886648
31 246 40.31128874
31 247 40.31128874
31 258 41.04875150
31 256 48.02082881
32 30 4.47213595
32 31 5.00000000
32 33 5.00000000
32 34 5.00000000
32 38 5.38516481
32 36 8.24621125
32 40 11.40175425
32 39 12.36931688
32 41 18.24828759
32 42 20.22374842
32 47 24.02082430
32 46 28.01785145
32 45 29.00000000
32 48 29.27456234
32 49 31.57530681
33 38 1.41421356
33 34 4.47213595
33 32 5.00000000
33 31 7.07106781
33 30 7.28010989
34 33 4.47213595
34 32 5.00000000
34 38 5.83095189
34 30 9.21954446
34 31 9.48683298
34 40 13.60147051
34 39 14.42220510
35 275 1.00000000
35 37 3.00000000
35 274 3.16227766
35 271 4.47213595
35 272 5.83095189
35 273 8.48528137
35 40 9.21954446
35 39 9.48683298
35 41 12.72792206
35 42 14.21267040
35 47 16.55294536
35 266 17.69180601
35 265 18.43908891
35 48 20.09975124
35 46 20.24845673
35 45 20.88061302
35 49 22.00000000
35 263 23.76972865
35 253 27.78488798
35 264 28.17800561
35 252 28.84441020
35 246 29.20616373
35 258 30.87069808
35 257 37.94733192
35 256 38.07886553
35 238 39.29376541
36 37 1.41421356
36 38 3.00000000
36 40 5.83095189
36 39 6.40312424
36 31 7.81024968
36 32 8.24621125
36 30 8.48528137
36 41 11.18033989
36 42 13.00000000
36 47 16.27882060
36 46 20.22374842
36 45 21.09502311
36 48 21.09502311
36 49 23.34523506
36 263 26.00000000
36 253 30.80584360
36 264 31.06444913
36 252 32.01562119
36 246 32.55764119
36 258 33.61547263
36 257 40.31128874
36 256 40.70626487
37 36 1.41421356
37 35 3.00000000
37 274 6.08276253
37 40 6.32455532
37 39 6.70820393
37 271 7.28010989
37 272 8.54400375
37 31 9.21954446
37 41 10.81665383
37 273 10.81665383
37 42 12.52996409
37 47 15.52417470
37 270 15.81138830
37 267 17.20465053
37 46 19.41648784
37 266 19.84943324
37 48 20.02498439
37 45 20.22374842
37 265 20.51828453
37 49 22.20360331
37 251 23.34523506
37 263 24.69817807
37 253 29.41088234
37 264 29.68164416
37 252 30.61045573
37 247 31.11269837
37 246 31.14482300
37 258 32.24903099
37 257 39.00000000
37 256 39.35733731
38 33 1.41421356
38 36 3.00000000
38 32 5.38516481
38 34 5.83095189
38 31 6.32455532
38 30 6.70820393
38 40 7.81024968
38 39 8.60232527
38 41 13.92838828
38 42 15.81138830
38 47 19.23538406
38 46 23.19482701
38 45 24.08318916
39 40 1.00000000
39 41 6.00000000
39 36 6.40312424
39 37 6.70820393
39 38 8.60232527
39 35 9.48683298
39 275 10.44030651
39 47 12.16552506
39 274 12.16552506
39 32 12.36931688
39 271 13.03840481
39 272 14.00000000
39 34 14.42220510
39 273 15.29705854
39 45 17.26267650
39 268 17.46424920
39 48 18.38477631
39 269 18.68154169
39 270 19.92485885
39 49 21.02379604
39 267 21.18962010
39 266 23.25940670
39 265 23.70653918
39 263 25.00000000
39 251 26.41968963
39 249 30.01666204
39 264 31.11269837
39 253 31.14482300
39 252 32.64965543
39 258 33.30165161
39 246 33.60059523
39 247 33.83784863
39 244 34.13209633
39 245 35.84689666
39 255 38.28837944
40 39 1.00000000
40 36 5.83095189
40 37 6.32455532
40 38 7.81024968
40 31 8.06225775
40 30 9.05538514
40 35 9.21954446
40 275 10.19803903
40 32 11.40175425
40 274 12.04159458
40 271 13.00000000
40 47 13.15294644
40 34 13.60147051
40 272 14.03566885
40 273 15.52417470
40 268 17.72004515
40 45 18.24828759
40 269 18.97366596
40 48 19.31320792
40 270 20.24845673
40 267 21.54065923
40 49 21.93171220
40 266 23.70653918
40 265 24.18677324
40 263 25.80697580
40 251 26.92582404
40 249 30.52867504
40 253 31.82766093
40 264 31.82766093
40 252 33.30165161
40 258 34.05877273
40 246 34.20526275
40 247 34.40930107
40 244 34.66987165
40 255 39.05124838
40 256 40.80441153
41 42 2.00000000
41 39 6.00000000
41 47 6.32455532
41 37 10.81665383
41 36 11.18033989
41 35 12.72792206
41 48 13.03840481
41 275 13.45362405
41 38 13.92838828
41 274 14.42220510
41 271 14.76482306
41 272 15.23154621
41 273 15.29705854
41 49 15.81138830
41 268 17.11724277
41 269 18.02775638
41 32 18.24828759
41 270 19.00000000
41 267 20.02498439
41 263 20.51828453
41 266 21.37755833
41 265 21.58703314
41 251 24.04163056
41 250 26.24880950
41 264 27.20294102
41 253 27.45906044
41 249 27.51363298
41 258 29.06888371
41 252 29.15475947
41 246 30.41381265
41 254 30.47950131
41 247 30.87069808
41 244 31.38470965
41 245 33.24154028
41 255 33.97057550
41 283 38.27531842
42 41 2.00000000
42 47 4.47213595
42 48 11.40175425
42 37 12.52996409
42 36 13.00000000
42 35 14.21267040
42 49 14.21267040
42 275 14.86606875
42 274 15.62049935
42 38 15.81138830
42 271 15.81138830
42 273 15.81138830
42 272 16.12451550
42 268 17.46424920
42 269 18.24828759
42 270 19.10497317
42 263 19.20937271
42 267 20.02498439
42 32 20.22374842
42 266 21.09502311
42 265 21.21320344
42 251 23.53720459
42 250 25.70992026
42 264 26.07680962
42 253 26.41968963
42 249 26.92582404
42 258 27.80287755
42 252 28.17800561
42 254 29.20616373
42 246 29.54657341
42 247 30.08321791
42 244 30.67572330
42 245 32.57299495
42 283 37.64306045
42 282 41.48493703
43 44 1.41421356
43 45 3.16227766
43 268 22.02271555
43 269 22.20360331
43 266 22.47220505
43 270 22.47220505
43 267 22.82542442
44 43 1.41421356
44 46 1.41421356
44 45 2.00000000
44 268 20.61552813
44 269 20.80865205
44 265 20.88061302
44 270 21.09502311
44 266 21.18962010
44 267 21.47091055
44 251 22.36067977
44 250 24.18677324
44 249 25.07987241
44 248 27.07397274
44 242 28.07133770
44 243 29.01723626
44 241 32.01562119
44 280 38.01315562
44 279 40.01249805
44 289 44.01136217
45 46 1.41421356
45 44 2.00000000
45 43 3.16227766
45 48 4.00000000
45 47 5.09901951
45 39 17.26267650
45 40 18.24828759
45 273 18.43908891
45 265 18.97366596
45 268 19.10497317
45 269 19.20937271
45 266 19.31320792
45 270 19.41648784
45 267 19.72308292
45 37 20.22374842
45 272 20.24845673
45 251 20.39607805
45 271 20.59126028
45 35 20.88061302
45 274 21.02379604
45 36 21.09502311
45 275 21.18962010
45 250 22.20360331
45 249 23.08679276
45 38 24.08318916
45 248 25.07987241
45 242 26.07680962
45 31 26.30589288
45 243 27.01851217
45 30 27.29468813
45 32 29.00000000
45 241 30.01666204
45 280 36.01388621
45 279 38.01315562
45 289 42.01190308
46 44 1.41421356
46 45 1.41421356
46 47 4.00000000
46 48 5.09901951
46 273 18.38477631
46 268 19.20937271
46 37 19.41648784
46 269 19.41648784
46 265 19.64688270
46 270 19.72308292
46 266 19.92485885
46 272 20.00000000
46 267 20.12461180
46 36 20.22374842
46 35 20.24845673
46 271 20.24845673
46 274 20.59126028
46 275 20.61552813
46 251 21.21320344
46 250 23.08679276
46 38 23.19482701
46 249 24.02082430
46 246 25.31797780
46 248 26.01922366
46 247 26.17250466
46 242 27.01851217
46 244 27.07397274
46 243 28.00000000
46 32 28.01785145
46 245 29.06888371
46 281 39.05124838
46 284 42.01190308
47 46 4.00000000
47 42 4.47213595
47 45 5.09901951
47 41 6.32455532
47 48 7.07106781
47 39 12.16552506
47 40 13.15294644
47 263 15.26433752
47 37 15.52417470
47 273 15.81138830
47 36 16.27882060
47 35 16.55294536
47 272 16.97056275
47 268 17.00000000
47 275 17.00000000
47 271 17.02938637
47 274 17.20465053
47 269 17.46424920
47 270 18.02775638
47 267 18.68154169
47 265 19.02629759
47 266 19.10497317
47 38 19.23538406
47 251 21.02379604
47 31 21.21320344
47 30 22.20360331
47 264 22.36067977
47 253 22.84731932
47 250 23.08679276
47 32 24.02082430
47 249 24.18677324
47 252 24.69817807
47 246 26.24880950
47 247 26.92582404
47 244 27.65863337
47 243 28.28427125
47 245 29.61418579
47 283 34.71310992
47 282 38.63935817
47 281 39.45883931
48 49 2.82842712
48 45 4.00000000
48 46 5.09901951
48 47 7.07106781
48 263 8.54400375
48 42 11.40175425
48 41 13.03840481
48 265 15.23154621
48 266 15.65247584
48 264 15.81138830
48 273 16.12451550
48 269 16.27882060
48 270 16.27882060
48 267 16.40121947
48 268 16.40121947
48 251 16.49242250
48 253 16.49242250
48 250 18.24828759
48 39 18.38477631
48 272 18.38477631
48 252 18.43908891
48 271 18.97366596
48 249 19.10497317
48 40 19.31320792
48 274 19.64688270
48 37 20.02498439
48 35 20.09975124
48 246 20.22374842
48 275 20.22374842
48 36 21.09502311
48 247 21.09502311
48 248 21.09502311
48 244 22.02271555
48 242 22.09072203
48 243 23.02172887
48 245 24.02082430
48 241 26.01922366
48 31 27.20294102
48 30 28.16025568
48 32 29.27456234
48 280 32.01562119
48 279 34.01470270
48 281 34.01470270
48 284 37.00000000
48 289 38.01315562
49 48 2.82842712
49 263 6.08276253
49 253 14.14213562
49 42 14.21267040
49 265 14.42220510
49 266 15.00000000
49 251 15.23154621
49 41 15.81138830
49 252 16.12451550
49 267 16.27882060
49 270 16.40121947
49 269 16.64331698
49 250 16.76305461
49 268 17.00000000
49 273 17.08800749
49 249 17.46424920
49 246 18.02775638
49 247 19.00000000
49 248 19.41648784
49 272 19.64688270
49 244 20.02498439
49 242 20.39607805
49 271 20.39607805
49 39 21.02379604
49 243 21.21320344
49 274 21.21320344
49 40 21.93171220
49 35 22.00000000
49 275 22.02271555
49 37 22.20360331
49 36 23.34523506
49 241 24.18677324
49 31 29.73213749
49 280 30.14962686
49 30 30.67572330
49 32 31.57530681
49 279 32.14031736
49 284 35.05709629
49 289 36.12478374
50 51 1.41421356
50 57 1.41421356
51 50 1.41421356
51 54 2.00000000
51 52 2.82842712
51 53 4.47213595
51 240 13.00000000
52 53 2.00000000
52 54 2.00000000
52 51 2.82842712
52 231 5.83095189
53 232 1.41421356
53 52 2.00000000
53 54 2.82842712
53 231 4.24264069
53 51 4.47213595
53 240 8.54400375
54 51 2.00000000
54 52 2.00000000
54 53 2.82842712
54 231 5.09901951
54 240 11.18033989
55 56 1.41421356
55 57 3.60555128
55 58 4.47213595
55 61 7.00000000
55 69 10.77032961
55 68 20.39607805
55 63 26.01922366
55 335 53.60037313
56 55 1.41421356
56 57 2.23606798
57 50 1.41421356
57 56 2.23606798
57 55 3.60555128
58 61 3.60555128
58 55 4.47213595
58 70 4.47213595
58 59 6.32455532
58 69 6.32455532
58 60 10.19803903
58 62 15.13274595
58 68 16.12451550
58 63 22.02271555
58 179 24.02082430
58 326 49.01020302
58 335 49.36598019
59 61 3.00000000
59 60 4.00000000
59 69 4.00000000
59 70 4.47213595
59 58 6.32455532
59 68 10.77032961
59 63 16.03121954
59 178 20.24845673
59 335 43.73785546
59 334 46.84015371
60 59 4.00000000
60 62 5.00000000
60 69 5.65685425
60 68 7.21110255
60 70 7.21110255
60 64 9.43398113
60 58 10.19803903
60 63 12.04159458
60 67 13.89244399
60 178 16.55294536
60 335 39.81205847
60 334 43.01162634
60 310 43.86342440
61 59 3.00000000
61 58 3.60555128
61 70 4.12310563
61 69 5.00000000
61 55 7.00000000
61 68 13.60147051
61 63 19.02629759
61 335 46.69047012
61 334 49.72926704
62 68 4.12310563
62 60 5.00000000
62 64 5.83095189
62 63 7.07106781
62 65 7.21110255
62 66 8.60232527
62 69 9.84885780
62 67 9.89949494
62 70 11.70469991
62 178 12.20655562
62 58 15.13274595
62 335 34.92849839
62 334 38.27531842
62 310 39.35733731
62 309 42.43819035
63 179 2.00000000
63 64 5.65685425
63 65 5.83095189
63 67 6.00000000
63 66 6.32455532
63 68 6.70820393
63 178 6.70820393
63 62 7.07106781
63 60 12.04159458
63 59 16.03121954
63 69 16.27882060
63 70 18.24828759
63 174 18.60107524
63 61 19.02629759
63 128 20.61552813
63 58 22.02271555
63 132 22.02271555
63 131 24.08318916
63 55 26.01922366
63 130 26.90724809
63 335 27.89265136
63 334 31.38470965
63 310 32.75667871
63 309 36.23534186
63 308 39.69886648
63 318 43.84062043
64 65 1.41421356
64 68 2.23606798
64 67 4.47213595
64 63 5.65685425
64 62 5.83095189
64 179 7.21110255
64 178 7.28010989
64 60 9.43398113
64 186 16.12451550
64 336 30.36445290
64 337 30.67572330
64 324 31.04834939
64 335 31.14482300
64 326 31.25699922
64 323 31.95309062
64 325 32.75667871
64 334 33.95585369
64 322 34.53983208
64 343 36.23534186
65 64 1.41421356
65 66 1.41421356
65 67 3.16227766
65 63 5.83095189
65 178 6.08276253
65 179 7.07106781
65 62 7.21110255
65 187 14.21267040
65 186 15.81138830
65 336 29.73213749
65 335 30.06659276
65 337 30.08321791
65 324 30.36445290
65 326 30.41381265
65 323 31.38470965
65 325 32.01562119
65 322 34.01470270
65 343 35.84689666
66 65 1.41421356
66 67 2.00000000
66 63 6.32455532
66 179 7.21110255
66 62 8.60232527
66 180 8.60232527
66 181 10.00000000
66 187 14.14213562
66 186 15.62049935
66 336 29.15475947
66 337 29.54657341
66 326 29.61418579
66 324 29.73213749
66 323 30.87069808
66 325 31.32091953
66 322 33.54101966
66 343 35.51056181
67 66 2.00000000
67 178 3.00000000
67 65 3.16227766
67 64 4.47213595
67 63 6.00000000
67 179 6.32455532
67 180 7.61577311
67 181 8.94427191
67 62 9.89949494
67 187 12.80624847
67 60 13.89244399
67 186 14.14213562
67 336 27.31300057
67 326 27.65863337
67 337 27.73084925
67 324 27.85677655
67 323 29.06888371
67 325 29.41088234
67 322 31.76476035
67 343 33.83784863
67 341 40.36087214
68 64 2.23606798
68 62 4.12310563
68 63 6.70820393
68 60 7.21110255
68 179 8.54400375
68 178 9.48683298
68 69 10.00000000
68 59 10.77032961
68 61 13.60147051
68 58 16.12451550
68 55 20.39607805
68 336 32.01562119
68 337 32.28002478
68 324 32.75667871
68 326 33.13608305
68 335 33.24154028
68 323 33.52610923
68 325 34.52535300
68 322 36.05551275
68 334 36.13862200
69 70 2.00000000
69 59 4.00000000
69 61 5.00000000
69 60 5.65685425
69 58 6.32455532
69 62 9.84885780
69 68 10.00000000
69 55 10.77032961
69 63 16.27882060
69 179 18.24828759
69 326 43.10452412
69 325 44.40720662
70 69 2.00000000
70 61 4.12310563
70 58 4.47213595
70 59 4.47213595
70 60 7.21110255
70 62 11.70469991
70 63 18.24828759
70 179 20.22374842
70 326 45.09988914
70 325 46.38965402
71 176 2.23606798
71 72 4.12310563
71 175 6.40312424
71 174 12.08304597
71 335 27.16615541
71 326 28.79236010
71 310 28.86173938
71 334 29.06888371
71 325 30.87069808
72 71 4.12310563
72 175 5.09901951
72 176 5.83095189
72 177 7.21110255
72 174 12.04159458
72 335 28.86173938
72 334 30.06659276
72 190 30.23243292
72 326 31.30495168
72 191 32.20248438
72 336 32.20248438
72 324 32.44996148
72 337 32.80243893
72 325 33.61547263
72 323 34.20526275
72 322 37.01351105
72 343 39.62322551
72 341 46.75467891
72 200 53.60037313
72 201 56.08029957
73 74 1.00000000
73 75 2.82842712
74 73 1.00000000
74 21 2.00000000
74 75 2.23606798
74 18 3.60555128
74 17 6.40312424
74 16 8.60232527
74 351 14.42220510
74 85 44.59820624
74 9 45.35416188
74 87 45.69463864
74 86 47.01063709
74 8 47.07440918
74 10 47.85394446
74 89 48.30113870
74 88 48.33218389
74 7 49.64876635
74 6 50.48762225
74 5 51.24451190
74 4 55.22680509
75 74 2.23606798
75 73 2.82842712
75 21 4.12310563
75 18 4.47213595
75 17 7.61577311
75 19 20.39607805
75 24 30.06659276
75 25 31.01612484
75 26 35.01428280
75 85 46.17358552
75 9 47.07440918
75 87 47.16990566
75 86 48.46648326
75 8 48.83646179
75 10 49.64876635
75 88 49.76946855
75 7 51.47815070
75 6 52.34500931
75 5 53.15072906
75 4 57.14017851
76 11 1.41421356
76 84 1.41421356
76 12 2.00000000
76 20 17.11724277
76 19 18.02775638
76 90 20.12461180
76 91 20.24845673
76 24 21.93171220
76 25 22.02271555
76 92 22.67156810
76 26 25.23885893
76 85 30.01666204
76 87 30.26549190
76 86 31.40063694
76 89 32.01562119
76 9 32.14031736
76 88 32.55764119
76 8 34.23448554
76 10 35.35533906
76 7 37.48332963
76 6 38.63935817
76 5 40.02499219
76 0 42.54409477
76 2 45.31004304
76 1 48.46648326
77 83 1.41421356
77 78 2.23606798
77 79 4.47213595
77 80 6.40312424
77 91 18.78829423
77 90 18.97366596
77 92 20.80865205
77 93 21.26029163
77 95 22.62741700
77 94 24.75883681
77 26 27.01851217
77 87 30.01666204
77 85 30.06659276
77 86 31.06444913
77 89 31.40063694
77 88 32.14031736
77 9 32.55764119
77 8 34.71310992
77 10 35.90264614
77 7 38.07886553
77 6 39.29376541
77 5 40.80441153
77 0 43.82921400
77 2 46.51881340
77 1 49.65883607
78 77 2.23606798
78 79 3.60555128
78 83 3.60555128
78 80 5.83095189
78 91 18.97366596
78 90 19.41648784
78 92 20.59126028
78 25 26.17250466
78 24 26.24880950
78 26 29.06888371
78 87 31.01612484
78 85 31.25699922
78 86 32.00000000
78 89 32.14031736
78 88 33.01514804
78 9 33.95585369
78 8 36.13862200
78 10 37.36308338
78 7 39.56008089
78 6 40.80441153
78 5 42.37924020
78 0 45.65084884
78 2 48.30113870
78 1 51.42956348
79 80 2.23606798
79 78 3.60555128
79 77 4.47213595
79 83 5.09901951
79 84 6.08276253
79 351 13.15294644
79 91 15.52417470
79 90 16.12451550
79 20 24.00000000
79 19 24.33105012
79 23 25.07987241
79 25 25.80697580
79 24 26.07680962
79 87 28.16025568
79 26 28.31960452
79 85 28.63564213
79 89 29.01723626
79 86 29.06888371
79 27 29.73213749
79 88 30.01666204
79 9 31.62277660
79 8 33.83784863
79 10 35.11409973
79 7 37.33630941
79 6 38.62641583
79 5 40.31128874
79 0 44.10215414
79 2 46.64761516
79 1 49.73932046
80 79 2.23606798
80 82 2.23606798
80 81 3.60555128
80 78 5.83095189
80 77 6.40312424
80 83 6.70820393
80 84 7.61577311
80 12 10.77032961
80 13 11.70469991
80 91 13.34166406
80 350 13.60147051
80 90 14.03566885
80 351 14.56021978
80 92 14.76482306
80 93 15.00000000
80 95 16.27882060
80 94 18.38477631
80 19 25.07987241
80 20 25.07987241
80 25 25.55386468
80 22 25.70992026
80 24 25.94224354
80 23 26.30589288
80 87 26.30589288
80 85 26.92582404
80 89 27.00000000
80 86 27.16615541
80 26 27.80287755
80 88 28.07133770
80 27 29.20616373
80 9 30.08321791
80 8 32.31098884
80 10 33.61547263
80 7 35.84689666
80 6 37.16180835
80 5 38.91015292
80 0 43.01162634
80 2 45.48626166
80 1 48.54894438
81 82 1.41421356
81 98 2.23606798
81 80 3.60555128
81 83 10.29563014
81 91 11.00000000
81 84 11.18033989
81 93 11.66190379
81 92 11.70469991
81 90 12.16552506
81 95 12.80624847
81 12 14.31782106
81 94 14.86606875
81 13 15.23154621
81 350 17.08800749
81 351 18.02775638
81 87 25.00000000
81 86 25.70992026
81 110 25.94224354
81 85 26.00000000
81 88 26.47640459
81 25 27.31300057
81 24 27.85677655
81 19 28.00000000
81 20 28.28427125
81 22 29.12043956
81 26 29.15475947
81 9 29.52964612
81 23 29.61418579
81 27 30.52867504
81 10 33.12099032
81 6 36.71511950
81 5 38.58756276
81 0 43.27817002
81 2 45.60701700
81 1 48.60041152
82 81 1.41421356
82 80 2.23606798
82 84 9.84885780
82 91 12.04159458
82 12 13.00000000
82 92 13.00000000
82 90 13.03840481
82 93 13.03840481
82 13 13.92838828
82 95 14.21267040
82 350 15.81138830
82 94 16.27882060
82 351 16.76305461
82 87 25.70992026
82 86 26.47640459
82 85 26.57066051
82 25 26.83281573
82 19 27.01851217
82 20 27.16615541
82 88 27.29468813
82 24 27.31300057
82 22 27.89265136
82 23 28.44292531
82 26 28.84441020
82 9 29.96664813
82 27 30.23243292
82 8 32.20248438
82 10 33.54101966
82 6 37.12142239
82 5 38.94868419
82 0 43.41658669
82 2 45.80392996
82 1 48.82622246
83 84 1.00000000
83 77 1.41421356
83 78 3.60555128
83 79 5.09901951
83 80 6.70820393
83 81 10.29563014
83 91 18.35755975
83 90 18.38477631
83 20 19.02629759
83 19 19.64688270
83 92 20.61552813
83 93 21.21320344
83 25 22.62741700
83 24 22.67156810
83 95 22.67156810
83 94 24.83948470
83 26 25.61249695
83 85 29.01723626
83 87 29.06888371
83 86 30.14962686
83 89 30.59411708
83 88 31.25699922
83 9 31.40063694
83 8 33.54101966
83 10 34.71310992
83 7 36.87817783
83 6 38.07886553
83 5 39.56008089
83 0 42.48529157
83 2 45.18849411
83 1 48.33218389
84 83 1.00000000
84 76 1.41421356
84 12 3.16227766
84 13 4.12310563
84 79 6.08276253
84 350 6.08276253
84 351 7.07106781
84 80 7.61577311
84 82 9.84885780
84 81 11.18033989
84 20 18.02775638
84 19 18.68154169
84 90 18.78829423
84 91 18.86796226
84 23 19.02629759
84 92 21.26029163
84 24 21.93171220
84 25 21.93171220
84 93 21.93171220
84 95 23.43074903
84 26 25.00000000
84 94 25.61249695
84 85 29.00000000
84 87 29.15475947
84 86 30.26549190
84 89 30.80584360
84 9 31.25699922
84 88 31.40063694
84 8 33.37663854
84 10 34.52535300
84 7 36.67424164
84 110 37.12142239
84 6 37.85498646
84 5 39.29376541
84 0 42.04759208
84 2 44.77722635
84 1 47.92702787
85 87 3.00000000
85 9 4.47213595
85 90 14.42220510
85 26 17.49285568
85 27 17.88854382
85 25 19.84943324
85 28 20.61552813
85 24 21.26029163
85 98 25.94224354
85 81 26.00000000
85 99 26.07680962
85 82 26.57066051
85 80 26.92582404
85 79 28.63564213
85 84 29.00000000
85 83 29.01723626
85 19 30.00000000
85 76 30.01666204
85 77 30.06659276
85 12 30.14962686
85 13 30.26549190
85 350 30.59411708
85 351 30.80584360
85 11 31.06444913
85 78 31.25699922
85 20 33.28663395
85 14 34.92849839
85 23 35.51056181
85 16 36.40054945
85 22 36.71511950
85 17 38.60051813
85 18 41.76122604
85 21 42.72001873
85 74 44.59820624
85 75 46.17358552
86 87 1.41421356
86 88 1.41421356
86 89 3.00000000
86 90 13.60147051
86 81 25.70992026
86 82 26.47640459
86 80 27.16615541
86 79 29.06888371
86 83 30.14962686
86 84 30.26549190
86 77 31.06444913
86 76 31.40063694
86 12 31.78049716
86 78 32.00000000
86 13 32.01562119
86 11 32.55764119
86 350 32.57299495
86 351 32.89376841
86 19 33.30165161
86 20 36.40054945
86 23 38.60051813
86 16 38.62641583
86 22 39.66106403
86 17 40.85339643
86 21 45.18849411
86 74 47.01063709
86 75 48.46648326
87 86 1.41421356
87 85 3.00000000
87 89 4.12310563
87 90 13.00000000
87 26 20.12461180
87 27 20.61552813
87 25 22.20360331
87 28 23.40939982
87 24 23.60084744
87 98 24.69817807
87 81 25.00000000
87 82 25.70992026
87 80 26.30589288
87 79 28.16025568
87 83 29.06888371
87 84 29.15475947
87 77 30.01666204
87 76 30.26549190
87 12 30.59411708
87 13 30.80584360
87 78 31.01612484
87 350 31.32091953
87 11 31.40063694
87 351 31.62277660
87 19 31.89043744
87 20 35.00000000
87 23 37.20215048
87 16 37.33630941
87 22 38.27531842
87 17 39.56008089
87 21 43.86342440
87 74 45.69463864
87 75 47.16990566
88 86 1.41421356
88 89 2.23606798
88 90 14.31782106
88 81 26.47640459
88 82 27.29468813
88 80 28.07133770
88 79 30.01666204
88 83 31.25699922
88 84 31.40063694
88 77 32.14031736
88 76 32.55764119
88 12 32.98484500
88 78 33.01514804
88 13 33.24154028
88 11 33.73425559
88 350 33.83784863
88 351 34.17601498
88 19 34.71310992
88 20 37.80211634
88 16 39.92492956
88 23 40.00000000
88 22 41.04875150
88 17 42.15447782
88 21 46.51881340
88 74 48.33218389
88 75 49.76946855
89 88 2.23606798
89 86 3.00000000
89 87 4.12310563
89 90 13.03840481
89 26 24.16609195
89 27 24.69817807
89 25 26.07680962
89 80 27.00000000
89 24 27.45906044
89 28 27.51363298
89 79 29.01723626
89 83 30.59411708
89 84 30.80584360
89 77 31.40063694
89 76 32.01562119
89 78 32.14031736
89 12 32.57299495
89 13 32.89376841
89 11 33.24154028
89 350 33.61547263
89 351 34.01470270
89 19 35.35533906
89 20 38.28837944
89 16 39.81205847
89 23 40.45985665
89 22 41.40048309
89 17 42.04759208
89 21 46.52956050
89 74 48.30113870
90 91 2.23606798
90 99 11.66190379
90 98 11.70469991
90 81 12.16552506
90 87 13.00000000
90 82 13.03840481
90 89 13.03840481
90 86 13.60147051
90 80 14.03566885
90 88 14.31782106
90 85 14.42220510
90 79 16.12451550
90 96 16.40121947
90 83 18.38477631
90 9 18.43908891
90 84 18.78829423
90 77 18.97366596
90 78 19.41648784
90 109 19.41648784
90 76 20.12461180
90 12 21.09502311
90 11 21.47091055
90 13 21.63330765
90 350 22.80350850
90 25 23.02172887
90 26 23.19482701
90 351 23.43074903
90 24 24.08318916
90 27 24.33105012
90 19 28.63564213
90 20 30.52867504
90 23 32.44996148
90 22 32.80243893
90 0 33.42154993
90 119 34.98571137
90 2 35.38361203
90 3 36.79673899
90 118 37.73592453
90 1 38.18376618
90 117 39.11521443
90 116 41.04875150
90 121 42.43819035
91 90 2.23606798
91 92 4.00000000
91 93 6.08276253
91 99 9.84885780
91 98 10.19803903
91 81 11.00000000
91 82 12.04159458
91 80 13.34166406
91 96 14.21267040
91 79 15.52417470
91 109 17.20465053
91 83 18.35755975
91 77 18.78829423
91 84 18.86796226
91 78 18.97366596
91 76 20.24845673
91 12 21.40093456
91 11 21.63330765
91 13 22.02271555
91 350 23.34523506
91 351 24.04163056
91 25 25.00000000
91 26 25.31797780
91 24 26.01922366
91 27 26.47640459
91 19 30.08321791
91 114 30.59411708
91 115 30.87069808
91 20 31.76476035
91 119 32.75667871
91 23 33.61547263
91 22 33.83784863
91 118 35.51056181
91 117 36.89173349
91 116 38.83297568
91 121 40.22437072
91 120 41.61730409
92 93 2.23606798
92 91 4.00000000
92 99 9.00000000
92 98 10.19803903
92 96 11.40175425
92 81 11.70469991
92 97 12.80624847
92 82 13.00000000
92 109 14.14213562
92 80 14.76482306
92 106 20.51828453
92 78 20.59126028
92 83 20.61552813
92 77 20.80865205
92 84 21.26029163
92 76 22.67156810
92 12 24.04163056
92 11 24.08318916
92 13 24.75883681
92 350 26.24880950
92 351 27.01851217
92 115 27.29468813
92 119 29.41088234
92 24 30.01666204
92 118 32.20248438
92 117 33.60059523
92 19 33.83784863
92 20 35.34119409
92 116 35.60898763
92 121 37.01351105
92 23 37.12142239
92 22 37.21558813
