2 0 3.00000000
5 0 8.00000000
4 0 8.94427191
6 0 10.04987562
7 0 11.18033989
10 0 12.64911064
8 0 13.92838828
9 0 15.65247584
28 0 17.02938637
27 0 17.11724277
29 0 18.11077028
26 0 18.24828759
90 0 33.42154993
351 0 40.52159918
350 0 40.80441153
13 0 41.43669871
352 0 41.48493703
12 0 41.78516483
84 0 42.04759208
83 0 42.48529157
76 0 42.54409477
80 0 43.01162634
11 0 43.08131846
81 0 43.27817002
15 0 43.41658669
82 0 43.41658669
77 0 43.82921400
98 0 43.86342440
79 0 44.10215414
14 0 44.14748011
99 0 44.55333882
16 0 44.72135955
78 0 45.65084884
3 1 2.00000000
2 1 3.16227766
4 1 9.21954446
5 1 10.81665383
10 1 16.40121947
8 1 17.80449381
9 1 19.84943324
90 1 38.18376618
12 1 47.75981575
84 1 47.92702787
83 1 48.33218389
76 1 48.46648326
80 1 48.54894438
81 1 48.60041152
82 1 48.82622246
11 1 49.04079934
98 1 49.04079934
99 1 49.57822102
77 1 49.65883607
79 1 49.73932046
78 1 51.42956348
3 2 1.41421356
0 2 3.00000000
1 2 3.16227766
4 2 8.06225775
5 2 8.54400375
6 2 10.77032961
7 2 12.08304597
10 2 13.89244399
8 2 15.26433752
9 2 17.20465053
27 2 20.09975124
26 2 21.21320344
90 2 35.38361203
351 2 43.41658669
350 2 43.68065934
13 2 44.27188724
352 2 44.38468204
12 2 44.59820624
84 2 44.77722635
83 2 45.18849411
76 2 45.31004304
80 2 45.48626166
81 2 45.60701700
82 2 45.80392996
11 2 45.88027899
98 2 46.09772229
15 2 46.32493929
77 2 46.51881340
79 2 46.64761516
99 2 46.69047012
14 2 47.07440918
16 2 47.67598976
78 2 48.30113870
2 3 1.41421356
1 3 2.00000000
4 3 9.00000000
5 3 9.84885780
6 3 12.08304597
7 3 13.41640786
10 3 15.26433752
8 3 16.64331698
9 3 18.60107524
90 3 36.79673899
5 4 4.00000000
2 4 8.06225775
0 4 8.94427191
3 4 9.00000000
1 4 9.21954446
27 4 21.84032967
26 4 22.56102835
28 4 22.84731932
29 4 24.16609195
25 4 26.47640459
22 4 45.70557953
17 4 50.00999900
18 4 53.03772242
21 4 53.23532662
74 4 55.22680509
75 4 57.14017851
6 5 2.23606798
7 5 3.60555128
4 5 4.00000000
10 5 5.65685425
0 5 8.00000000
2 5 8.54400375
9 5 9.21954446
3 5 9.84885780
1 5 10.81665383
27 5 18.02775638
26 5 18.68154169
28 5 19.23538406
29 5 20.59126028
25 5 22.56102835
20 5 37.85498646
81 5 38.58756276
98 5 38.83297568
80 5 38.91015292
82 5 38.94868419
351 5 39.11521443
99 5 39.20459157
350 5 39.20459157
84 5 39.29376541
13 5 39.45883931
83 5 39.56008089
12 5 39.62322551
76 5 40.02499219
352 5 40.11234224
79 5 40.31128874
11 5 40.79215611
77 5 40.80441153
22 5 41.77319715
15 5 42.10700654
78 5 42.37924020
14 5 43.04648650
16 5 44.00000000
17 5 46.01086828
18 5 49.04079934
21 5 49.25444142
74 5 51.24451190
75 5 53.15072906
7 6 1.41421356
5 6 2.23606798
10 6 3.60555128
0 6 10.04987562
2 6 10.77032961
3 6 12.08304597
27 6 17.88854382
26 6 18.38477631
28 6 19.41648784
29 6 20.80865205
25 6 22.13594362
19 6 33.52610923
81 6 36.71511950
98 6 36.89173349
82 6 37.12142239
80 6 37.16180835
20 6 37.36308338
84 6 37.85498646
351 6 38.01315562
350 6 38.05259518
83 6 38.07886553
13 6 38.20994635
12 6 38.32753579
79 6 38.62641583
76 6 38.63935817
352 6 39.01281841
77 6 39.29376541
11 6 39.45883931
78 6 40.80441153
15 6 41.01219331
22 6 41.23105626
14 6 42.00000000
16 6 43.04648650
17 6 45.09988914
18 6 48.16637832
21 6 48.50773134
74 6 50.48762225
75 6 52.34500931
6 7 1.41421356
10 7 2.23606798
5 7 3.60555128
0 7 11.18033989
2 7 12.08304597
3 7 13.41640786
27 7 17.49285568
26 7 17.88854382
28 7 19.20937271
29 7 20.61552813
25 7 21.54065923
19 7 32.89376841
80 7 35.84689666
84 7 36.67424164
20 7 36.68787266
83 7 36.87817783
351 7 37.00000000
350 7 37.01351105
13 7 37.12142239
12 7 37.21558813
79 7 37.33630941
76 7 37.48332963
77 7 38.07886553
11 7 38.32753579
78 7 39.56008089
22 7 40.52159918
14 7 41.01219331
16 7 42.10700654
17 7 44.18144407
18 7 47.26520919
21 7 47.67598976
74 7 49.64876635
75 7 51.47815070
10 8 1.41421356
9 8 2.23606798
0 8 13.92838828
2 8 15.26433752
27 8 16.27882060
26 8 16.40121947
3 8 16.64331698
1 8 17.80449381
28 8 18.43908891
25 8 19.72308292
19 8 30.87069808
82 8 32.20248438
80 8 32.31098884
84 8 33.37663854
83 8 33.54101966
79 8 33.83784863
13 8 34.01470270
350 8 34.01470270
12 8 34.05877273
351 8 34.05877273
76 8 34.23448554
20 8 34.53983208
77 8 34.71310992
11 8 35.12833614
78 8 36.13862200
14 8 38.11823711
22 8 38.27531842
16 8 39.31920650
17 8 41.43669871
18 8 44.55333882
21 8 45.12205669
74 8 47.07440918
75 8 48.83646179
8 9 2.23606798
10 9 3.60555128
85 9 4.47213595
5 9 9.21954446
26 9 15.55634919
27 9 15.62049935
0 9 15.65247584
2 9 17.20465053
28 9 18.02775638
90 9 18.43908891
3 9 18.60107524
25 9 18.60107524
1 9 19.84943324
19 9 29.52964612
81 9 29.52964612
98 9 29.68164416
82 9 29.96664813
99 9 30.00000000
80 9 30.08321791
84 9 31.25699922
83 9 31.40063694
79 9 31.62277660
13 9 32.00000000
12 9 32.01562119
350 9 32.06243908
76 9 32.14031736
351 9 32.14031736
77 9 32.55764119
11 9 33.06055051
20 9 33.10589071
78 9 33.95585369
14 9 36.22154055
22 9 36.76955262
16 9 37.48332963
17 9 39.62322551
18 9 42.75511665
21 9 43.41658669
74 9 45.35416188
75 9 47.07440918
8 10 1.41421356
7 10 2.23606798
6 10 3.60555128
9 10 3.60555128
5 10 5.65685425
0 10 12.64911064
2 10 13.89244399
3 10 15.26433752
1 10 16.40121947
27 10 16.40121947
26 10 16.64331698
28 10 18.38477631
25 10 20.12461180
19 10 31.38470965
81 10 33.12099032
98 10 33.28663395
82 10 33.54101966
80 10 33.61547263
84 10 34.52535300
83 10 34.71310992
350 10 35.00000000
351 10 35.01428280
13 10 35.05709629
20 10 35.11409973
79 10 35.11409973
12 10 35.12833614
76 10 35.35533906
77 10 35.90264614
11 10 36.22154055
78 10 37.36308338
22 10 38.89730068
14 10 39.05124838
16 10 40.19950248
17 10 42.29657197
18 10 45.39823785
21 10 45.89117562
74 10 47.85394446
75 10 49.64876635
12 11 1.41421356
76 11 1.41421356
90 11 21.47091055
91 11 21.63330765
24 11 22.02271555
25 11 22.20360331
92 11 24.08318916
26 11 25.55386468
85 11 31.06444913
87 11 31.40063694
86 11 32.55764119
9 11 33.06055051
89 11 33.24154028
88 11 33.73425559
8 11 35.12833614
10 11 36.22154055
7 11 38.32753579
6 11 39.45883931
5 11 40.79215611
0 11 43.08131846
2 11 45.88027899
1 11 49.04079934
13 12 1.00000000
11 12 1.41421356
76 12 2.00000000
84 12 3.16227766
80 12 10.77032961
82 12 13.00000000
81 12 14.31782106
20 12 15.13274595
19 12 16.15549442
98 12 16.55294536
99 12 18.78829423
24 12 20.61552813
25 12 20.80865205
90 12 21.09502311
91 12 21.40093456
92 12 24.04163056
26 12 24.18677324
93 12 24.83948470
95 12 26.40075756
94 12 28.60069929
85 12 30.14962686
87 12 30.59411708
86 12 31.78049716
9 12 32.01562119
89 12 32.57299495
88 12 32.98484500
8 12 34.05877273
10 12 35.12833614
7 12 37.21558813
6 12 38.32753579
5 12 39.62322551
110 12 40.24922359
0 12 41.78516483
2 12 44.59820624
1 12 47.75981575
12 13 1.00000000
350 13 2.00000000
84 13 4.12310563
80 13 11.70469991
82 13 13.92838828
20 13 14.14213562
19 13 15.23154621
81 13 15.23154621
98 13 17.46424920
99 13 19.69771560
24 13 20.00000000
25 13 20.24845673
90 13 21.63330765
91 13 22.02271555
26 13 23.70653918
92 13 24.75883681
93 13 25.61249695
95 13 27.20294102
94 13 29.41088234
85 13 30.26549190
87 13 30.80584360
9 13 32.00000000
86 13 32.01562119
89 13 32.89376841
88 13 33.24154028
8 13 34.01470270
10 13 35.05709629
7 13 37.12142239
6 13 38.20994635
5 13 39.45883931
110 13 41.14608122
0 13 41.43669871
2 13 44.27188724
15 14 1.41421356
16 14 2.23606798
352 14 3.16227766
351 14 4.12310563
22 14 10.19803903
20 14 11.66190379
23 14 11.70469991
19 14 14.14213562
24 14 21.54065923
25 14 22.13594362
26 14 25.96150997
85 14 34.92849839
9 14 36.22154055
8 14 38.11823711
10 14 39.05124838
7 14 41.01219331
6 14 42.00000000
5 14 43.04648650
0 14 44.14748011
2 14 47.07440918
14 15 1.41421356
352 15 2.00000000
16 15 3.60555128
22 15 11.04536102
20 15 12.08304597
23 15 12.36931688
19 15 14.21267040
24 15 21.02379604
25 15 21.54065923
26 15 25.29822128
6 15 41.01219331
5 15 42.10700654
0 15 43.41658669
2 15 46.32493929
14 16 2.23606798
17 16 2.23606798
15 16 3.60555128
352 16 5.00000000
351 16 5.83095189
21 16 7.07106781
22 16 8.54400375
74 16 8.60232527
23 16 10.29563014
20 16 10.63014581
19 16 13.60147051
24 16 21.84032967
25 16 22.56102835
26 16 26.47640459
85 16 36.40054945
87 16 37.33630941
9 16 37.48332963
86 16 38.62641583
8 16 39.31920650
89 16 39.81205847
88 16 39.92492956
10 16 40.19950248
7 16 42.10700654
6 16 43.04648650
5 16 44.00000000
0 16 44.72135955
2 16 47.67598976
16 17 2.23606798
18 17 3.16227766
21 17 5.00000000
74 17 6.40312424
75 17 7.61577311
22 17 8.60232527
23 17 10.63014581
20 17 11.40175425
19 17 14.76482306
24 17 23.53720459
25 17 24.33105012
26 17 28.28427125
85 17 38.60051813
87 17 39.56008089
9 17 39.62322551
86 17 40.85339643
8 17 41.43669871
89 17 42.04759208
88 17 42.15447782
10 17 42.29657197
7 17 44.18144407
6 17 45.09988914
5 17 46.01086828
4 17 50.00999900
21 18 3.00000000
17 18 3.16227766
74 18 3.60555128
75 18 4.47213595
22 18 10.00000000
23 18 12.20655562
20 18 13.41640786
19 18 17.08800749
24 18 26.30589288
25 18 27.16615541
26 18 31.14482300
85 18 41.76122604
9 18 42.75511665
8 18 44.55333882
10 18 45.39823785
7 18 47.26520919
6 18 48.16637832
5 18 49.04079934
4 18 53.03772242
20 19 4.00000000
24 19 10.19803903
25 19 11.40175425
351 19 12.52996409
352 19 13.03840481
350 19 13.41640786
16 19 13.60147051
14 19 14.14213562
15 19 14.21267040
17 19 14.76482306
13 19 15.23154621
12 19 16.15549442
21 19 16.27882060
18 19 17.08800749
76 19 18.02775638
84 19 18.68154169
83 19 19.64688270
75 19 20.39607805
79 19 24.33105012
80 19 25.07987241
82 19 27.01851217
81 19 28.00000000
90 19 28.63564213
9 19 29.52964612
85 19 30.00000000
98 19 30.01666204
91 19 30.08321791
8 19 30.87069808
10 19 31.38470965
87 19 31.89043744
99 19 32.06243908
7 19 32.89376841
86 19 33.30165161
6 19 33.52610923
92 19 33.83784863
88 19 34.71310992
89 19 35.35533906
93 19 35.44009029
95 19 37.36308338
110 19 52.39274759
111 19 54.12947441
112 19 55.90169944
113 19 57.70615219
114 19 58.21511831
23 20 2.23606798
19 20 4.00000000
22 20 4.00000000
16 20 10.63014581
351 20 11.18033989
17 20 11.40175425
352 20 11.40175425
14 20 11.66190379
15 20 12.08304597
350 20 12.16552506
21 20 12.36931688
18 20 13.41640786
13 20 14.14213562
24 20 14.14213562
12 20 15.13274595
25 20 15.29705854
76 20 17.11724277
84 20 18.02775638
83 20 19.02629759
79 20 24.00000000
80 20 25.07987241
82 20 27.16615541
81 20 28.28427125
98 20 30.41381265
90 20 30.52867504
91 20 31.76476035
99 20 32.55764119
9 20 33.10589071
85 20 33.28663395
8 20 34.53983208
87 20 35.00000000
10 20 35.11409973
92 20 35.34119409
86 20 36.40054945
7 20 36.68787266
93 20 36.76955262
6 20 37.36308338
88 20 37.80211634
5 20 37.85498646
89 20 38.28837944
95 20 38.62641583
110 20 53.45091206
111 20 55.08175742
112 20 56.75385449
113 20 58.46366393
74 21 2.00000000
18 21 3.00000000
75 21 4.12310563
17 21 5.00000000
16 21 7.07106781
22 21 8.54400375
352 21 12.04159458
20 21 12.36931688
351 21 12.80624847
19 21 16.27882060
24 21 26.01922366
25 21 27.00000000
85 21 42.72001873
9 21 43.41658669
87 21 43.86342440
8 21 45.12205669
86 21 45.18849411
10 21 45.89117562
88 21 46.51881340
89 21 46.52956050
7 21 47.67598976
6 21 48.50773134
5 21 49.25444142
4 21 53.23532662
23 22 2.23606798
20 22 4.00000000
16 22 8.54400375
21 22 8.54400375
17 22 8.60232527
18 22 10.00000000
14 22 10.19803903
15 22 11.04536102
352 22 11.04536102
351 22 11.18033989
24 22 18.11077028
25 22 19.23538406
80 22 25.70992026
82 22 27.89265136
81 22 29.12043956
98 22 31.32091953
90 22 32.80243893
99 22 33.52610923
91 22 33.83784863
85 22 36.71511950
9 22 36.76955262
92 22 37.21558813
8 22 38.27531842
87 22 38.27531842
93 22 38.47076812
10 22 38.89730068
86 22 39.66106403
95 22 40.24922359
7 22 40.52159918
88 22 41.04875150
6 22 41.23105626
89 22 41.40048309
5 22 41.77319715
4 22 45.70557953
110 22 54.78138370
111 22 56.30275304
112 22 57.87054518
20 23 2.23606798
22 23 2.23606798
16 23 10.29563014
17 23 10.63014581
14 23 11.70469991
351 23 12.00000000
352 23 12.04159458
18 23 12.20655562
15 23 12.36931688
84 23 19.02629759
79 23 25.07987241
80 23 26.30589288
82 23 28.44292531
81 23 29.61418579
98 23 31.78049716
90 23 32.44996148
91 23 33.61547263
99 23 33.95585369
85 23 35.51056181
92 23 37.12142239
87 23 37.20215048
93 23 38.48376281
86 23 38.60051813
88 23 40.00000000
95 23 40.31128874
89 23 40.45985665
110 23 55.02726597
111 23 56.61271942
112 23 58.24087911
113 23 59.90826320
25 24 1.41421356
19 24 10.19803903
20 24 14.14213562
22 24 18.11077028
351 24 18.35755975
350 24 18.86796226
352 24 19.23538406
13 24 20.00000000
12 24 20.61552813
15 24 21.02379604
85 24 21.26029163
14 24 21.54065923
16 24 21.84032967
76 24 21.93171220
84 24 21.93171220
11 24 22.02271555
83 24 22.67156810
17 24 23.53720459
87 24 23.60084744
90 24 24.08318916
80 24 25.94224354
21 24 26.01922366
91 24 26.01922366
79 24 26.07680962
78 24 26.24880950
18 24 26.30589288
82 24 27.31300057
89 24 27.45906044
81 24 27.85677655
98 24 29.41088234
92 24 30.01666204
75 24 30.06659276
99 24 31.04834939
93 24 32.00000000
96 24 37.85498646
113 24 55.00909016
114 24 56.22277119
24 25 1.41421356
26 25 4.00000000
19 25 11.40175425
20 25 15.29705854
9 25 18.60107524
351 25 18.78829423
22 25 19.23538406
350 25 19.23538406
352 25 19.69771560
8 25 19.72308292
85 25 19.84943324
10 25 20.12461180
13 25 20.24845673
12 25 20.80865205
7 25 21.54065923
15 25 21.54065923
84 25 21.93171220
76 25 22.02271555
6 25 22.13594362
14 25 22.13594362
11 25 22.20360331
87 25 22.20360331
5 25 22.56102835
16 25 22.56102835
83 25 22.62741700
90 25 23.02172887
17 25 24.33105012
91 25 25.00000000
80 25 25.55386468
79 25 25.80697580
89 25 26.07680962
78 25 26.17250466
4 25 26.47640459
82 25 26.83281573
21 25 27.00000000
18 25 27.16615541
81 25 27.31300057
98 25 28.79236010
99 25 30.36445290
75 25 31.01612484
93 25 31.01612484
96 25 37.10795063
113 25 54.03702434
115 25 54.57105460
114 25 55.32630477
27 26 1.41421356
25 26 4.00000000
9 26 15.55634919
8 26 16.40121947
10 26 16.64331698
85 26 17.49285568
7 26 17.88854382
0 26 18.24828759
6 26 18.38477631
5 26 18.68154169
87 26 20.12461180
2 26 21.21320344
351 26 22.47220505
4 26 22.56102835
350 26 22.84731932
90 26 23.19482701
352 26 23.40939982
13 26 23.70653918
89 26 24.16609195
12 26 24.18677324
84 26 25.00000000
76 26 25.23885893
15 26 25.29822128
91 26 25.31797780
11 26 25.55386468
83 26 25.61249695
14 26 25.96150997
16 26 26.47640459
77 26 27.01851217
80 26 27.80287755
17 26 28.28427125
79 26 28.31960452
82 26 28.84441020
78 26 29.06888371
81 26 29.15475947
98 26 30.41381265
18 26 31.14482300
93 26 31.40063694
99 26 31.78049716
75 26 35.01428280
96 26 38.27531842
109 26 41.43669871
115 26 55.65968020
114 26 55.90169944
26 27 1.41421356
28 27 3.00000000
9 27 15.62049935
8 27 16.27882060
10 27 16.40121947
0 27 17.11724277
7 27 17.49285568
6 27 17.88854382
85 27 17.88854382
5 27 18.02775638
2 27 20.09975124
87 27 20.61552813
4 27 21.84032967
90 27 24.33105012
89 27 24.69817807
91 27 26.47640459
80 27 29.20616373
79 27 29.73213749
82 27 30.23243292
81 27 30.52867504
98 27 31.76476035
99 27 33.10589071
96 27 39.56008089
109 27 42.72001873
115 27 56.92099788
114 27 57.07013229
29 28 1.41421356
27 28 3.00000000
0 28 17.02938637
9 28 18.02775638
10 28 18.38477631
8 28 18.43908891
7 28 19.20937271
5 28 19.23538406
6 28 19.41648784
85 28 20.61552813
4 28 22.84731932
87 28 23.40939982
89 28 27.51363298
28 29 1.41421356
0 29 18.11077028
5 29 20.59126028
7 29 20.61552813
6 29 20.80865205
4 29 24.16609195
31 30 1.00000000
32 30 4.47213595
38 30 6.70820393
33 30 7.28010989
36 30 8.48528137
40 30 9.05538514
34 30 9.21954446
47 30 22.20360331
45 30 27.29468813
48 30 28.16025568
49 30 30.67572330
263 30 34.00000000
253 30 39.20459157
264 30 39.40812099
252 30 40.45985665
246 30 41.03656906
258 30 41.88078318
256 30 48.87739764
30 31 1.00000000
32 31 5.00000000
38 31 6.32455532
33 31 7.07106781
36 31 7.81024968
40 31 8.06225775
37 31 9.21954446
34 31 9.48683298
47 31 21.21320344
45 31 26.30589288
48 31 27.20294102
266 31 29.06888371
49 31 29.73213749
265 31 29.73213749
251 31 32.55764119
263 31 33.12099032
253 31 38.41874542
264 31 38.60051813
252 31 39.69886648
246 31 40.31128874
247 31 40.31128874
258 31 41.04875150
256 31 48.02082881
30 32 4.47213595
31 32 5.00000000
33 32 5.00000000
34 32 5.00000000
38 32 5.38516481
36 32 8.24621125
40 32 11.40175425
39 32 12.36931688
41 32 18.24828759
42 32 20.22374842
47 32 24.02082430
46 32 28.01785145
45 32 29.00000000
48 32 29.27456234
49 32 31.57530681
38 33 1.41421356
34 33 4.47213595
32 33 5.00000000
31 33 7.07106781
30 33 7.28010989
33 34 4.47213595
32 34 5.00000000
38 34 5.83095189
30 34 9.21954446
31 34 9.48683298
40 34 13.60147051
39 34 14.42220510
275 35 1.00000000
37 35 3.00000000
274 35 3.16227766
271 35 4.47213595
272 35 5.83095189
273 35 8.48528137
40 35 9.21954446
39 35 9.48683298
41 35 12.72792206
42 35 14.21267040
47 35 16.55294536
266 35 17.69180601
265 35 18.43908891
48 35 20.09975124
46 35 20.24845673
45 35 20.88061302
49 35 22.00000000
263 35 23.76972865
253 35 27.78488798
264 35 28.17800561
252 35 28.84441020
246 35 29.20616373
258 35 30.87069808
257 35 37.94733192
256 35 38.07886553
238 35 39.29376541
37 36 1.41421356
38 36 3.00000000
40 36 5.83095189
39 36 6.40312424
31 36 7.81024968
32 36 8.24621125
30 36 8.48528137
41 36 11.18033989
42 36 13.00000000
47 36 16.27882060
46 36 20.22374842
45 36 21.09502311
48 36 21.09502311
49 36 23.34523506
263 36 26.00000000
253 36 30.80584360
264 36 31.06444913
252 36 32.01562119
246 36 32.55764119
258 36 33.61547263
257 36 40.31128874
256 36 40.70626487
36 37 1.41421356
35 37 3.00000000
274 37 6.08276253
40 37 6.32455532
39 37 6.70820393
271 37 7.28010989
272 37 8.54400375
31 37 9.21954446
41 37 10.81665383
273 37 10.81665383
42 37 12.52996409
47 37 15.52417470
270 37 15.81138830
267 37 17.20465053
46 37 19.41648784
266 37 19.84943324
48 37 20.02498439
45 37 20.22374842
265 37 20.51828453
49 37 22.20360331
251 37 23.34523506
263 37 24.69817807
253 37 29.41088234
264 37 29.68164416
252 37 30.61045573
247 37 31.11269837
246 37 31.14482300
258 37 32.24903099
257 37 39.00000000
256 37 39.35733731
33 38 1.41421356
36 38 3.00000000
32 38 5.38516481
34 38 5.83095189
31 38 6.32455532
30 38 6.70820393
40 38 7.81024968
39 38 8.60232527
41 38 13.92838828
42 38 15.81138830
47 38 19.23538406
46 38 23.19482701
45 38 24.08318916
40 39 1.00000000
41 39 6.00000000
36 39 6.40312424
37 39 6.70820393
38 39 8.60232527
35 39 9.48683298
275 39 10.44030651
47 39 12.16552506
274 39 12.16552506
32 39 12.36931688
271 39 13.03840481
272 39 14.00000000
34 39 14.42220510
273 39 15.29705854
45 39 17.26267650
268 39 17.46424920
48 39 18.38477631
269 39 18.68154169
270 39 19.92485885
49 39 21.02379604
267 39 21.18962010
266 39 23.25940670
265 39 23.70653918
263 39 25.00000000
251 39 26.41968963
249 39 30.01666204
264 39 31.11269837
253 39 31.14482300
252 39 32.64965543
258 39 33.30165161
246 39 33.60059523
247 39 33.83784863
244 39 34.13209633
245 39 35.84689666
255 39 38.28837944
39 40 1.00000000
36 40 5.83095189
37 40 6.32455532
38 40 7.81024968
31 40 8.06225775
30 40 9.05538514
35 40 9.21954446
275 40 10.19803903
32 40 11.40175425
274 40 12.04159458
271 40 13.00000000
47 40 13.15294644
34 40 13.60147051
272 40 14.03566885
273 40 15.52417470
268 40 17.72004515
45 40 18.24828759
269 40 18.97366596
48 40 19.31320792
270 40 20.24845673
267 40 21.54065923
49 40 21.93171220
266 40 23.70653918
265 40 24.18677324
263 40 25.80697580
251 40 26.92582404
249 40 30.52867504
253 40 31.82766093
264 40 31.82766093
252 40 33.30165161
258 40 34.05877273
246 40 34.20526275
247 40 34.40930107
244 40 34.66987165
255 40 39.05124838
256 40 40.80441153
42 41 2.00000000
39 41 6.00000000
47 41 6.32455532
37 41 10.81665383
36 41 11.18033989
35 41 12.72792206
48 41 13.03840481
275 41 13.45362405
38 41 13.92838828
274 41 14.42220510
271 41 14.76482306
272 41 15.23154621
273 41 15.29705854
49 41 15.81138830
268 41 17.11724277
269 41 18.02775638
32 41 18.24828759
270 41 19.00000000
267 41 20.02498439
263 41 20.51828453
266 41 21.37755833
265 41 21.58703314
251 41 24.04163056
250 41 26.24880950
264 41 27.20294102
253 41 27.45906044
249 41 27.51363298
258 41 29.06888371
252 41 29.15475947
246 41 30.41381265
254 41 30.47950131
247 41 30.87069808
244 41 31.38470965
245 41 33.24154028
255 41 33.97057550
283 41 38.27531842
41 42 2.00000000
47 42 4.47213595
48 42 11.40175425
37 42 12.52996409
36 42 13.00000000
35 42 14.21267040
49 42 14.21267040
275 42 14.86606875
274 42 15.62049935
38 42 15.81138830
271 42 15.81138830
273 42 15.81138830
272 42 16.12451550
268 42 17.46424920
269 42 18.24828759
270 42 19.10497317
263 42 19.20937271
267 42 20.02498439
32 42 20.22374842
266 42 21.09502311
265 42 21.21320344
251 42 23.53720459
250 42 25.70992026
264 42 26.07680962
253 42 26.41968963
249 42 26.92582404
258 42 27.80287755
252 42 28.17800561
254 42 29.20616373
246 42 29.54657341
247 42 30.08321791
244 42 30.67572330
245 42 32.57299495
283 42 37.64306045
282 42 41.48493703
44 43 1.41421356
45 43 3.16227766
268 43 22.02271555
269 43 22.20360331
266 43 22.47220505
270 43 22.47220505
267 43 22.82542442
43 44 1.41421356
46 44 1.41421356
45 44 2.00000000
268 44 20.61552813
269 44 20.80865205
265 44 20.88061302
270 44 21.09502311
266 44 21.18962010
267 44 21.47091055
251 44 22.36067977
250 44 24.18677324
249 44 25.07987241
248 44 27.07397274
242 44 28.07133770
243 44 29.01723626
241 44 32.01562119
280 44 38.01315562
279 44 40.01249805
289 44 44.01136217
46 45 1.41421356
44 45 2.00000000
43 45 3.16227766
48 45 4.00000000
47 45 5.09901951
39 45 17.26267650
40 45 18.24828759
273 45 18.43908891
265 45 18.97366596
268 45 19.10497317
269 45 19.20937271
266 45 19.31320792
270 45 19.41648784
267 45 19.72308292
37 45 20.22374842
272 45 20.24845673
251 45 20.39607805
271 45 20.59126028
35 45 20.88061302
274 45 21.02379604
36 45 21.09502311
275 45 21.18962010
250 45 22.20360331
249 45 23.08679276
38 45 24.08318916
248 45 25.07987241
242 45 26.07680962
31 45 26.30589288
243 45 27.01851217
30 45 27.29468813
32 45 29.00000000
241 45 30.01666204
280 45 36.01388621
279 45 38.01315562
289 45 42.01190308
44 46 1.41421356
45 46 1.41421356
47 46 4.00000000
48 46 5.09901951
273 46 18.38477631
268 46 19.20937271
37 46 19.41648784
269 46 19.41648784
265 46 19.64688270
270 46 19.72308292
266 46 19.92485885
272 46 20.00000000
267 46 20.12461180
36 46 20.22374842
35 46 20.24845673
271 46 20.24845673
274 46 20.59126028
275 46 20.61552813
251 46 21.21320344
250 46 23.08679276
38 46 23.19482701
249 46 24.02082430
246 46 25.31797780
248 46 26.01922366
247 46 26.17250466
242 46 27.01851217
244 46 27.07397274
243 46 28.00000000
32 46 28.01785145
245 46 29.06888371
281 46 39.05124838
284 46 42.01190308
46 47 4.00000000
42 47 4.47213595
45 47 5.09901951
41 47 6.32455532
48 47 7.07106781
39 47 12.16552506
40 47 13.15294644
263 47 15.26433752
37 47 15.52417470
273 47 15.81138830
36 47 16.27882060
35 47 16.55294536
272 47 16.97056275
268 47 17.00000000
275 47 17.00000000
271 47 17.02938637
274 47 17.20465053
269 47 17.46424920
270 47 18.02775638
267 47 18.68154169
265 47 19.02629759
266 47 19.10497317
38 47 19.23538406
251 47 21.02379604
31 47 21.21320344
30 47 22.20360331
264 47 22.36067977
253 47 22.84731932
250 47 23.08679276
32 47 24.02082430
249 47 24.18677324
252 47 24.69817807
246 47 26.24880950
247 47 26.92582404
244 47 27.65863337
243 47 28.28427125
245 47 29.61418579
283 47 34.71310992
282 47 38.63935817
281 47 39.45883931
49 48 2.82842712
45 48 4.00000000
46 48 5.09901951
47 48 7.07106781
263 48 8.54400375
42 48 11.40175425
41 48 13.03840481
265 48 15.23154621
266 48 15.65247584
264 48 15.81138830
273 48 16.12451550
269 48 16.27882060
270 48 16.27882060
267 48 16.40121947
268 48 16.40121947
251 48 16.49242250
253 48 16.49242250
250 48 18.24828759
39 48 18.38477631
272 48 18.38477631
252 48 18.43908891
271 48 18.97366596
249 48 19.10497317
40 48 19.31320792
274 48 19.64688270
37 48 20.02498439
35 48 20.09975124
246 48 20.22374842
275 48 20.22374842
36 48 21.09502311
247 48 21.09502311
248 48 21.09502311
244 48 22.02271555
242 48 22.09072203
243 48 23.02172887
245 48 24.02082430
241 48 26.01922366
31 48 27.20294102
30 48 28.16025568
32 48 29.27456234
280 48 32.01562119
279 48 34.01470270
281 48 34.01470270
284 48 37.00000000
289 48 38.01315562
48 49 2.82842712
263 49 6.08276253
253 49 14.14213562
42 49 14.21267040
265 49 14.42220510
266 49 15.00000000
251 49 15.23154621
41 49 15.81138830
252 49 16.12451550
267 49 16.27882060
270 49 16.40121947
269 49 16.64331698
250 49 16.76305461
268 49 17.00000000
273 49 17.08800749
249 49 17.46424920
246 49 18.02775638
247 49 19.00000000
248 49 19.41648784
272 49 19.64688270
244 49 20.02498439
242 49 20.39607805
271 49 20.39607805
39 49 21.02379604
243 49 21.21320344
274 49 21.21320344
40 49 21.93171220
35 49 22.00000000
275 49 22.02271555
37 49 22.20360331
36 49 23.34523506
241 49 24.18677324
31 49 29.73213749
280 49 30.14962686
30 49 30.67572330
32 49 31.57530681
279 49 32.14031736
284 49 35.05709629
289 49 36.12478374
51 50 1.41421356
57 50 1.41421356
50 51 1.41421356
54 51 2.00000000
52 51 2.82842712
53 51 4.47213595
240 51 13.00000000
53 52 2.00000000
54 52 2.00000000
51 52 2.82842712
231 52 5.83095189
232 53 1.41421356
52 53 2.00000000
54 53 2.82842712
231 53 4.24264069
51 53 4.47213595
240 53 8.54400375
51 54 2.00000000
52 54 2.00000000
53 54 2.82842712
231 54 5.09901951
240 54 11.18033989
56 55 1.41421356
57 55 3.60555128
58 55 4.47213595
61 55 7.00000000
69 55 10.77032961
68 55 20.39607805
63 55 26.01922366
335 55 53.60037313
55 56 1.41421356
57 56 2.23606798
50 57 1.41421356
56 57 2.23606798
55 57 3.60555128
61 58 3.60555128
55 58 4.47213595
70 58 4.47213595
59 58 6.32455532
69 58 6.32455532
60 58 10.19803903
62 58 15.13274595
68 58 16.12451550
63 58 22.02271555
179 58 24.02082430
326 58 49.01020302
335 58 49.36598019
61 59 3.00000000
60 59 4.00000000
69 59 4.00000000
70 59 4.47213595
58 59 6.32455532
68 59 10.77032961
63 59 16.03121954
178 59 20.24845673
335 59 43.73785546
334 59 46.84015371
59 60 4.00000000
62 60 5.00000000
69 60 5.65685425
68 60 7.21110255
70 60 7.21110255
64 60 9.43398113
58 60 10.19803903
63 60 12.04159458
67 60 13.89244399
178 60 16.55294536
335 60 39.81205847
334 60 43.01162634
310 60 43.86342440
59 61 3.00000000
58 61 3.60555128
70 61 4.12310563
69 61 5.00000000
55 61 7.00000000
68 61 13.60147051
63 61 19.02629759
335 61 46.69047012
334 61 49.72926704
68 62 4.12310563
60 62 5.00000000
64 62 5.83095189
63 62 7.07106781
65 62 7.21110255
66 62 8.60232527
69 62 9.84885780
67 62 9.89949494
70 62 11.70469991
178 62 12.20655562
58 62 15.13274595
335 62 34.92849839
334 62 38.27531842
310 62 39.35733731
309 62 42.43819035
179 63 2.00000000
64 63 5.65685425
65 63 5.83095189
67 63 6.00000000
66 63 6.32455532
68 63 6.70820393
178 63 6.70820393
62 63 7.07106781
60 63 12.04159458
59 63 16.03121954
69 63 16.27882060
70 63 18.24828759
174 63 18.60107524
61 63 19.02629759
128 63 20.61552813
58 63 22.02271555
132 63 22.02271555
131 63 24.08318916
55 63 26.01922366
130 63 26.90724809
335 63 27.89265136
334 63 31.38470965
310 63 32.75667871
309 63 36.23534186
308 63 39.69886648
318 63 43.84062043
65 64 1.41421356
68 64 2.23606798
67 64 4.47213595
63 64 5.65685425
62 64 5.83095189
179 64 7.21110255
178 64 7.28010989
60 64 9.43398113
186 64 16.12451550
336 64 30.36445290
337 64 30.67572330
324 64 31.04834939
335 64 31.14482300
326 64 31.25699922
323 64 31.95309062
325 64 32.75667871
334 64 33.95585369
322 64 34.53983208
343 64 36.23534186
64 65 1.41421356
66 65 1.41421356
67 65 3.16227766
63 65 5.83095189
178 65 6.08276253
179 65 7.07106781
62 65 7.21110255
187 65 14.21267040
186 65 15.81138830
336 65 29.73213749
335 65 30.06659276
337 65 30.08321791
324 65 30.36445290
326 65 30.41381265
323 65 31.38470965
325 65 32.01562119
322 65 34.01470270
343 65 35.84689666
65 66 1.41421356
67 66 2.00000000
63 66 6.32455532
179 66 7.21110255
62 66 8.60232527
180 66 8.60232527
181 66 10.00000000
187 66 14.14213562
186 66 15.62049935
336 66 29.15475947
337 66 29.54657341
326 66 29.61418579
324 66 29.73213749
323 66 30.87069808
325 66 31.32091953
322 66 33.54101966
343 66 35.51056181
66 67 2.00000000
178 67 3.00000000
65 67 3.16227766
64 67 4.47213595
63 67 6.00000000
179 67 6.32455532
180 67 7.61577311
181 67 8.94427191
62 67 9.89949494
187 67 12.80624847
60 67 13.89244399
186 67 14.14213562
336 67 27.31300057
326 67 27.65863337
337 67 27.73084925
324 67 27.85677655
323 67 29.06888371
325 67 29.41088234
322 67 31.76476035
343 67 33.83784863
341 67 40.36087214
64 68 2.23606798
62 68 4.12310563
63 68 6.70820393
60 68 7.21110255
179 68 8.54400375
178 68 9.48683298
69 68 10.00000000
59 68 10.77032961
61 68 13.60147051
58 68 16.12451550
55 68 20.39607805
336 68 32.01562119
337 68 32.28002478
324 68 32.75667871
326 68 33.13608305
335 68 33.24154028
323 68 33.52610923
325 68 34.52535300
322 68 36.05551275
334 68 36.13862200
70 69 2.00000000
59 69 4.00000000
61 69 5.00000000
60 69 5.65685425
58 69 6.32455532
62 69 9.84885780
68 69 10.00000000
55 69 10.77032961
63 69 16.27882060
179 69 18.24828759
326 69 43.10452412
325 69 44.40720662
69 70 2.00000000
61 70 4.12310563
58 70 4.47213595
59 70 4.47213595
60 70 7.21110255
62 70 11.70469991
63 70 18.24828759
179 70 20.22374842
326 70 45.09988914
325 70 46.38965402
176 71 2.23606798
72 71 4.12310563
175 71 6.40312424
174 71 12.08304597
335 71 27.16615541
326 71 28.79236010
310 71 28.86173938
334 71 29.06888371
325 71 30.87069808
71 72 4.12310563
175 72 5.09901951
176 72 5.83095189
177 72 7.21110255
174 72 12.04159458
335 72 28.86173938
334 72 30.06659276
190 72 30.23243292
326 72 31.30495168
191 72 32.20248438
336 72 32.20248438
324 72 32.44996148
337 72 32.80243893
325 72 33.61547263
323 72 34.20526275
322 72 37.01351105
343 72 39.62322551
341 72 46.75467891
200 72 53.60037313
201 72 56.08029957
74 73 1.00000000
75 73 2.82842712
73 74 1.00000000
21 74 2.00000000
75 74 2.23606798
18 74 3.60555128
17 74 6.40312424
16 74 8.60232527
351 74 14.42220510
85 74 44.59820624
9 74 45.35416188
87 74 45.69463864
86 74 47.01063709
8 74 47.07440918
10 74 47.85394446
89 74 48.30113870
88 74 48.33218389
7 74 49.64876635
6 74 50.48762225
5 74 51.24451190
4 74 55.22680509
74 75 2.23606798
73 75 2.82842712
21 75 4.12310563
18 75 4.47213595
17 75 7.61577311
19 75 20.39607805
24 75 30.06659276
25 75 31.01612484
26 75 35.01428280
85 75 46.17358552
9 75 47.07440918
87 75 47.16990566
86 75 48.46648326
8 75 48.83646179
10 75 49.64876635
88 75 49.76946855
7 75 51.47815070
6 75 52.34500931
5 75 53.15072906
4 75 57.14017851
11 76 1.41421356
84 76 1.41421356
12 76 2.00000000
20 76 17.11724277
19 76 18.02775638
90 76 20.12461180
91 76 20.24845673
24 76 21.93171220
25 76 22.02271555
92 76 22.67156810
26 76 25.23885893
85 76 30.01666204
87 76 30.26549190
86 76 31.40063694
89 76 32.01562119
9 76 32.14031736
88 76 32.55764119
8 76 34.23448554
10 76 35.35533906
7 76 37.48332963
6 76 38.63935817
5 76 40.02499219
0 76 42.54409477
2 76 45.31004304
1 76 48.46648326
83 77 1.41421356
78 77 2.23606798
79 77 4.47213595
80 77 6.40312424
91 77 18.78829423
90 77 18.97366596
92 77 20.80865205
93 77 21.26029163
95 77 22.62741700
94 77 24.75883681
26 77 27.01851217
87 77 30.01666204
85 77 30.06659276
86 77 31.06444913
89 77 31.40063694
88 77 32.14031736
9 77 32.55764119
8 77 34.71310992
10 77 35.90264614
7 77 38.07886553
6 77 39.29376541
5 77 40.80441153
0 77 43.82921400
2 77 46.51881340
1 77 49.65883607
77 78 2.23606798
79 78 3.60555128
83 78 3.60555128
80 78 5.83095189
91 78 18.97366596
90 78 19.41648784
92 78 20.59126028
25 78 26.17250466
24 78 26.24880950
26 78 29.06888371
87 78 31.01612484
85 78 31.25699922
86 78 32.00000000
89 78 32.14031736
88 78 33.01514804
9 78 33.95585369
8 78 36.13862200
10 78 37.36308338
7 78 39.56008089
6 78 40.80441153
5 78 42.37924020
0 78 45.65084884
2 78 48.30113870
1 78 51.42956348
80 79 2.23606798
78 79 3.60555128
77 79 4.47213595
83 79 5.09901951
84 79 6.08276253
351 79 13.15294644
91 79 15.52417470
90 79 16.12451550
20 79 24.00000000
19 79 24.33105012
23 79 25.07987241
25 79 25.80697580
24 79 26.07680962
87 79 28.16025568
26 79 28.31960452
85 79 28.63564213
89 79 29.01723626
86 79 29.06888371
27 79 29.73213749
88 79 30.01666204
9 79 31.62277660
8 79 33.83784863
10 79 35.11409973
7 79 37.33630941
6 79 38.62641583
5 79 40.31128874
0 79 44.10215414
2 79 46.64761516
1 79 49.73932046
79 80 2.23606798
82 80 2.23606798
81 80 3.60555128
78 80 5.83095189
77 80 6.40312424
83 80 6.70820393
84 80 7.61577311
12 80 10.77032961
13 80 11.70469991
91 80 13.34166406
350 80 13.60147051
90 80 14.03566885
351 80 14.56021978
92 80 14.76482306
93 80 15.00000000
95 80 16.27882060
94 80 18.38477631
19 80 25.07987241
20 80 25.07987241
25 80 25.55386468
22 80 25.70992026
24 80 25.94224354
23 80 26.30589288
87 80 26.30589288
85 80 26.92582404
89 80 27.00000000
86 80 27.16615541
26 80 27.80287755
88 80 28.07133770
27 80 29.20616373
9 80 30.08321791
8 80 32.31098884
10 80 33.61547263
7 80 35.84689666
6 80 37.16180835
5 80 38.91015292
0 80 43.01162634
2 80 45.48626166
1 80 48.54894438
82 81 1.41421356
98 81 2.23606798
80 81 3.60555128
83 81 10.29563014
91 81 11.00000000
84 81 11.18033989
93 81 11.66190379
92 81 11.70469991
90 81 12.16552506
95 81 12.80624847
12 81 14.31782106
94 81 14.86606875
13 81 15.23154621
350 81 17.08800749
351 81 18.02775638
87 81 25.00000000
86 81 25.70992026
110 81 25.94224354
85 81 26.00000000
88 81 26.47640459
25 81 27.31300057
24 81 27.85677655
19 81 28.00000000
20 81 28.28427125
22 81 29.12043956
26 81 29.15475947
9 81 29.52964612
23 81 29.61418579
27 81 30.52867504
10 81 33.12099032
6 81 36.71511950
5 81 38.58756276
0 81 43.27817002
2 81 45.60701700
1 81 48.60041152
81 82 1.41421356
80 82 2.23606798
84 82 9.84885780
91 82 12.04159458
12 82 13.00000000
92 82 13.00000000
90 82 13.03840481
93 82 13.03840481
13 82 13.92838828
95 82 14.21267040
350 82 15.81138830
94 82 16.27882060
351 82 16.76305461
87 82 25.70992026
86 82 26.47640459
85 82 26.57066051
25 82 26.83281573
19 82 27.01851217
20 82 27.16615541
88 82 27.29468813
24 82 27.31300057
22 82 27.89265136
23 82 28.44292531
26 82 28.84441020
9 82 29.96664813
27 82 30.23243292
8 82 32.20248438
10 82 33.54101966
6 82 37.12142239
5 82 38.94868419
0 82 43.41658669
2 82 45.80392996
1 82 48.82622246
84 83 1.00000000
77 83 1.41421356
78 83 3.60555128
79 83 5.09901951
80 83 6.70820393
81 83 10.29563014
91 83 18.35755975
90 83 18.38477631
20 83 19.02629759
19 83 19.64688270
92 83 20.61552813
93 83 21.21320344
25 83 22.62741700
24 83 22.67156810
95 83 22.67156810
94 83 24.83948470
26 83 25.61249695
85 83 29.01723626
87 83 29.06888371
86 83 30.14962686
89 83 30.59411708
88 83 31.25699922
9 83 31.40063694
8 83 33.54101966
10 83 34.71310992
7 83 36.87817783
6 83 38.07886553
5 83 39.56008089
0 83 42.48529157
2 83 45.18849411
1 83 48.33218389
83 84 1.00000000
76 84 1.41421356
12 84 3.16227766
13 84 4.12310563
79 84 6.08276253
350 84 6.08276253
351 84 7.07106781
80 84 7.61577311
82 84 9.84885780
81 84 11.18033989
20 84 18.02775638
19 84 18.68154169
90 84 18.78829423
91 84 18.86796226
23 84 19.02629759
92 84 21.26029163
24 84 21.93171220
25 84 21.93171220
93 84 21.93171220
95 84 23.43074903
26 84 25.00000000
94 84 25.61249695
85 84 29.00000000
87 84 29.15475947
86 84 30.26549190
89 84 30.80584360
9 84 31.25699922
88 84 31.40063694
8 84 33.37663854
10 84 34.52535300
7 84 36.67424164
110 84 37.12142239
6 84 37.85498646
5 84 39.29376541
0 84 42.04759208
2 84 44.77722635
1 84 47.92702787
87 85 3.00000000
9 85 4.47213595
90 85 14.42220510
26 85 17.49285568
27 85 17.88854382
25 85 19.84943324
28 85 20.61552813
24 85 21.26029163
98 85 25.94224354
81 85 26.00000000
99 85 26.07680962
82 85 26.57066051
80 85 26.92582404
79 85 28.63564213
84 85 29.00000000
83 85 29.01723626
19 85 30.00000000
76 85 30.01666204
77 85 30.06659276
12 85 30.14962686
13 85 30.26549190
350 85 30.59411708
351 85 30.80584360
11 85 31.06444913
78 85 31.25699922
20 85 33.28663395
14 85 34.92849839
23 85 35.51056181
16 85 36.40054945
22 85 36.71511950
17 85 38.60051813
18 85 41.76122604
21 85 42.72001873
74 85 44.59820624
75 85 46.17358552
87 86 1.41421356
88 86 1.41421356
89 86 3.00000000
90 86 13.60147051
81 86 25.70992026
82 86 26.47640459
80 86 27.16615541
79 86 29.06888371
83 86 30.14962686
84 86 30.26549190
77 86 31.06444913
76 86 31.40063694
12 86 31.78049716
78 86 32.00000000
13 86 32.01562119
11 86 32.55764119
350 86 32.57299495
351 86 32.89376841
19 86 33.30165161
20 86 36.40054945
23 86 38.60051813
16 86 38.62641583
22 86 39.66106403
17 86 40.85339643
21 86 45.18849411
74 86 47.01063709
75 86 48.46648326
86 87 1.41421356
85 87 3.00000000
89 87 4.12310563
90 87 13.00000000
26 87 20.12461180
27 87 20.61552813
25 87 22.20360331
28 87 23.40939982
24 87 23.60084744
98 87 24.69817807
81 87 25.00000000
82 87 25.70992026
80 87 26.30589288
79 87 28.16025568
83 87 29.06888371
84 87 29.15475947
77 87 30.01666204
76 87 30.26549190
12 87 30.59411708
13 87 30.80584360
78 87 31.01612484
350 87 31.32091953
11 87 31.40063694
351 87 31.62277660
19 87 31.89043744
20 87 35.00000000
23 87 37.20215048
16 87 37.33630941
22 87 38.27531842
17 87 39.56008089
21 87 43.86342440
74 87 45.69463864
75 87 47.16990566
86 88 1.41421356
89 88 2.23606798
90 88 14.31782106
81 88 26.47640459
82 88 27.29468813
80 88 28.07133770
79 88 30.01666204
83 88 31.25699922
84 88 31.40063694
77 88 32.14031736
76 88 32.55764119
12 88 32.98484500
78 88 33.01514804
13 88 33.24154028
11 88 33.73425559
350 88 33.83784863
351 88 34.17601498
19 88 34.71310992
20 88 37.80211634
16 88 39.92492956
23 88 40.00000000
22 88 41.04875150
17 88 42.15447782
21 88 46.51881340
74 88 48.33218389
75 88 49.76946855
88 89 2.23606798
86 89 3.00000000
87 89 4.12310563
90 89 13.03840481
26 89 24.16609195
27 89 24.69817807
25 89 26.07680962
80 89 27.00000000
24 89 27.45906044
28 89 27.51363298
79 89 29.01723626
83 89 30.59411708
84 89 30.80584360
77 89 31.40063694
76 89 32.01562119
78 89 32.14031736
12 89 32.57299495
13 89 32.89376841
11 89 33.24154028
350 89 33.61547263
351 89 34.01470270
19 89 35.35533906
20 89 38.28837944
16 89 39.81205847
23 89 40.45985665
22 89 41.40048309
17 89 42.04759208
21 89 46.52956050
74 89 48.30113870
91 90 2.23606798
99 90 11.66190379
98 90 11.70469991
81 90 12.16552506
87 90 13.00000000
82 90 13.03840481
89 90 13.03840481
86 90 13.60147051
80 90 14.03566885
88 90 14.31782106
85 90 14.42220510
79 90 16.12451550
96 90 16.40121947
83 90 18.38477631
9 90 18.43908891
84 90 18.78829423
77 90 18.97366596
78 90 19.41648784
109 90 19.41648784
76 90 20.12461180
12 90 21.09502311
11 90 21.47091055
13 90 21.63330765
350 90 22.80350850
25 90 23.02172887
26 90 23.19482701
351 90 23.43074903
24 90 24.08318916
27 90 24.33105012
19 90 28.63564213
20 90 30.52867504
23 90 32.44996148
22 90 32.80243893
0 90 33.42154993
119 90 34.98571137
2 90 35.38361203
3 90 36.79673899
118 90 37.73592453
1 90 38.18376618
117 90 39.11521443
116 90 41.04875150
121 90 42.43819035
90 91 2.23606798
92 91 4.00000000
93 91 6.08276253
99 91 9.84885780
98 91 10.19803903
81 91 11.00000000
82 91 12.04159458
80 91 13.34166406
96 91 14.21267040
79 91 15.52417470
109 91 17.20465053
83 91 18.35755975
77 91 18.78829423
84 91 18.86796226
78 91 18.97366596
76 91 20.24845673
12 91 21.40093456
11 91 21.63330765
13 91 22.02271555
350 91 23.34523506
351 91 24.04163056
25 91 25.00000000
26 91 25.31797780
24 91 26.01922366
27 91 26.47640459
19 91 30.08321791
114 91 30.59411708
115 91 30.87069808
20 91 31.76476035
119 91 32.75667871
23 91 33.61547263
22 91 33.83784863
118 91 35.51056181
117 91 36.89173349
116 91 38.83297568
121 91 40.22437072
120 91 41.61730409
93 92 2.23606798
91 92 4.00000000
99 92 9.00000000
98 92 10.19803903
96 92 11.40175425
81 92 11.70469991
97 92 12.80624847
82 92 13.00000000
109 92 14.14213562
80 92 14.76482306
106 92 20.51828453
78 92 20.59126028
83 92 20.61552813
77 92 20.80865205
84 92 21.26029163
76 92 22.67156810
12 92 24.04163056
11 92 24.08318916
13 92 24.75883681
350 92 26.24880950
351 92 27.01851217
115 92 27.29468813
119 92 29.41088234
24 92 30.01666204
118 92 32.20248438
117 92 33.60059523
19 92 33.83784863
20 92 35.34119409
116 92 35.60898763
121 92 37.01351105
23 92 37.12142239
22 92 37.21558813
