1350
31412
0 24 1.41421356
0 23 2.23606798
0 21 4.47213595
0 20 9.05538514
0 19 10.00000000
0 18 11.04536102
0 38 21.18962010
0 15 21.84032967
0 39 23.32380758
0 14 23.53720459
0 40 24.69817807
0 1023 25.31797780
0 41 27.20294102
0 1022 28.16025568
0 42 29.73213749
1 10 2.23606798
1 9 3.60555128
1 2 4.00000000
1 8 5.00000000
1 7 5.09901951
1 6 6.32455532
1 5 8.60232527
1 4 9.21954446
1 3 9.89949494
1 11 12.08304597
1 1043 16.55294536
1 1044 17.08800749
1 1045 17.72004515
1 1042 18.24828759
1 1041 19.00000000
2 7 1.41421356
2 1 4.00000000
2 5 5.83095189
2 10 6.08276253
2 4 6.70820393
2 9 7.28010989
2 3 7.61577311
2 8 8.54400375
2 11 14.21267040
2 1043 15.29705854
2 1044 16.12451550
2 1032 16.40121947
2 1045 17.02938637
2 1042 18.02775638
2 1041 19.41648784
3 4 1.00000000
3 6 5.09901951
3 7 6.32455532
3 2 7.61577311
3 1043 8.00000000
3 1044 9.05538514
3 1 9.89949494
3 1045 10.19803903
3 10 10.81665383
3 9 11.18033989
3 8 11.70469991
3 1042 11.70469991
3 11 12.64911064
3 1041 13.89244399
3 1032 14.31782106
3 1033 15.65247584
3 1034 17.00000000
3 1035 18.35755975
3 1038 21.95449840
4 3 1.00000000
4 5 1.00000000
4 6 4.12310563
4 7 5.38516481
4 2 6.70820393
4 1 9.21954446
4 1044 10.04987562
4 10 10.29563014
4 9 10.77032961
4 1045 11.18033989
4 8 11.40175425
4 1042 12.64911064
4 11 13.00000000
4 1032 14.76482306
4 1041 14.76482306
4 1033 16.12451550
4 1034 17.49285568
4 1035 18.86796226
4 1038 22.47220505
5 4 1.00000000
5 6 3.16227766
5 7 4.47213595
5 2 5.83095189
5 1 8.60232527
5 10 9.84885780
5 9 10.44030651
5 1044 11.04536102
5 8 11.18033989
5 1045 12.16552506
5 11 13.41640786
5 1042 13.60147051
5 1032 15.26433752
5 1041 15.65247584
5 1033 16.64331698
5 1034 18.02775638
5 1035 19.41648784
6 7 1.41421356
6 5 3.16227766
6 4 4.12310563
6 3 5.09901951
6 1 6.32455532
6 10 8.06225775
6 9 9.00000000
6 8 10.04987562
6 1043 13.03840481
6 1044 14.00000000
6 11 14.21267040
6 1045 15.03329638
6 1032 16.27882060
6 1042 16.27882060
6 1033 17.69180601
6 1041 18.02775638
6 1034 19.10497317
6 1035 20.51828453
7 2 1.41421356
7 6 1.41421356
7 5 4.47213595
7 1 5.09901951
7 4 5.38516481
7 3 6.32455532
7 10 7.00000000
7 9 8.06225775
7 8 9.21954446
7 11 14.14213562
7 1043 14.14213562
7 1044 15.03329638
7 1045 16.00000000
7 1032 16.27882060
7 1042 17.11724277
7 1041 18.68154169
8 9 1.41421356
8 1 5.00000000
8 11 8.06225775
8 2 8.54400375
8 7 9.21954446
8 6 10.04987562
8 5 11.18033989
8 4 11.40175425
8 3 11.70469991
8 1043 16.27882060
8 1044 16.40121947
8 1041 16.49242250
8 1042 16.55294536
8 1045 16.64331698
9 8 1.41421356
9 10 1.41421356
9 1 3.60555128
9 2 7.28010989
9 7 8.06225775
9 6 9.00000000
9 11 9.21954446
9 5 10.44030651
9 4 10.77032961
9 3 11.18033989
9 1043 16.40121947
9 1044 16.64331698
9 1045 17.00000000
9 1042 17.08800749
9 1041 17.26267650
10 9 1.41421356
10 1 2.23606798
10 2 6.08276253
10 7 7.00000000
10 6 8.06225775
10 5 9.84885780
10 4 10.29563014
10 11 10.44030651
10 3 10.81665383
10 1043 16.64331698
10 1044 17.00000000
10 1045 17.46424920
10 1042 17.72004515
10 1041 18.11077028
11 1032 2.23606798
11 8 8.06225775
11 9 9.21954446
11 1041 9.43398113
11 10 10.44030651
11 1042 10.63014581
11 1045 11.66190379
11 1 12.08304597
11 1044 12.08304597
11 3 12.64911064
11 1043 12.64911064
11 4 13.00000000
11 5 13.41640786
11 7 14.14213562
11 2 14.21267040
11 6 14.21267040
12 13 1.41421356
12 1025 1.41421356
12 1023 7.07106781
12 1022 7.21110255
12 14 8.06225775
12 15 9.48683298
12 1021 9.84885780
12 38 10.77032961
12 1019 12.36931688
12 1020 13.60147051
12 1018 14.31782106
12 1014 17.46424920
12 30 20.51828453
12 31 20.61552813
12 32 20.80865205
12 33 21.63330765
12 1009 22.20360331
12 1013 25.00000000
12 27 26.83281573
12 34 28.23118843
12 1052 29.06888371
12 1053 30.06659276
12 1054 33.06055051
12 1055 35.12833614
12 1064 36.67424164
13 12 1.41421356
13 16 4.47213595
13 1023 6.32455532
13 14 7.00000000
13 1022 7.07106781
13 15 8.24621125
13 38 9.48683298
13 1021 10.44030651
13 1019 13.15294644
13 1020 15.00000000
13 1018 15.13274595
13 1014 18.78829423
13 29 19.10497317
13 30 19.10497317
13 31 19.20937271
13 32 19.41648784
13 28 20.00000000
13 33 20.24845673
13 1009 23.08679276
13 27 25.49509757
13 1013 26.24880950
13 34 26.92582404
13 35 27.51363298
13 1052 30.01666204
13 1053 31.01612484
13 1054 34.01470270
13 1055 36.22154055
13 1064 37.85498646
14 15 2.23606798
14 1023 2.23606798
14 16 6.40312424
14 13 7.00000000
14 12 8.06225775
14 1025 9.21954446
14 1024 10.44030651
14 17 11.70469991
14 18 12.64911064
14 1026 12.64911064
14 29 15.23154621
14 28 16.76305461
14 26 19.10497317
14 1039 19.69771560
14 1040 19.72308292
14 22 20.00000000
14 1020 20.00000000
14 25 21.02379604
14 1028 21.18962010
14 24 22.36067977
14 1014 22.67156810
14 23 23.08679276
14 0 23.53720459
14 1013 29.15475947
14 1063 42.94182111
14 1062 44.29446918
15 38 1.41421356
15 14 2.23606798
15 16 6.32455532
15 13 8.24621125
15 12 9.48683298
15 17 10.29563014
15 1025 10.77032961
15 18 11.18033989
15 32 12.04159458
15 1024 12.08304597
15 31 12.20655562
15 30 12.52996409
15 29 13.00000000
15 1026 14.31782106
15 28 14.56021978
15 26 17.02938637
15 22 18.02775638
15 21 18.78829423
15 25 19.10497317
15 24 20.61552813
15 1039 21.47091055
15 23 21.54065923
15 1040 21.63330765
15 0 21.84032967
15 1020 22.02271555
15 1014 24.83948470
15 1013 31.38470965
15 1063 45.17742799
15 1062 46.52956050
16 13 4.47213595
16 15 6.32455532
16 14 6.40312424
16 17 7.07106781
16 38 7.07106781
16 1023 7.21110255
16 1022 9.48683298
16 39 12.04159458
16 1021 14.03566885
16 29 14.86606875
16 30 15.00000000
16 31 15.26433752
16 28 15.62049935
16 32 15.65247584
16 26 16.55294536
16 33 16.55294536
16 22 16.76305461
16 1019 17.00000000
16 25 17.46424920
16 43 20.02498439
16 44 21.00000000
16 27 22.13594362
16 1014 23.25940670
16 34 23.76972865
16 35 24.51530134
16 37 25.07987241
16 36 25.31797780
16 1013 30.67572330
16 1052 34.01470270
16 1055 40.44749683
16 1064 42.20189569
17 18 1.00000000
17 16 7.07106781
17 22 9.84885780
17 26 10.00000000
17 38 10.00000000
17 15 10.29563014
17 28 10.29563014
17 25 10.44030651
17 29 10.44030651
17 30 11.18033989
17 14 11.70469991
17 31 12.04159458
17 32 13.00000000
17 1023 13.34166406
17 39 13.60147051
17 1022 16.12451550
17 41 18.02775638
17 43 20.61552813
17 1021 21.00000000
17 44 21.18962010
17 42 21.47091055
17 34 22.02271555
17 35 23.08679276
17 1019 24.02082430
17 36 24.18677324
17 37 24.51530134
17 1052 41.04875150
18 17 1.00000000
18 19 1.41421356
18 21 7.61577311
18 22 8.94427191
18 26 9.21954446
18 25 9.48683298
18 28 9.84885780
18 24 10.00000000
18 29 10.19803903
18 23 10.44030651
18 38 10.81665383
18 0 11.04536102
18 30 11.04536102
18 15 11.18033989
18 31 12.00000000
18 14 12.64911064
18 32 13.03840481
18 39 14.21267040
18 1023 14.31782106
18 1022 17.11724277
18 41 18.60107524
18 43 21.02379604
18 44 21.54065923
18 42 21.95449840
18 34 22.09072203
18 35 23.19482701
18 36 24.33105012
18 37 24.73863375
19 18 1.41421356
19 20 1.41421356
19 21 6.32455532
19 22 8.60232527
19 25 8.94427191
19 24 9.05538514
19 23 9.21954446
19 26 9.21954446
19 0 10.00000000
19 28 10.44030651
19 29 11.04536102
19 30 12.00000000
19 31 13.03840481
19 32 14.14213562
19 39 15.62049935
19 41 20.00000000
19 43 22.36067977
19 44 22.84731932
19 42 23.32380758
19 35 24.33105012
19 36 25.49509757
19 37 25.96150997
20 19 1.41421356
20 21 5.09901951
20 23 8.06225775
20 24 8.24621125
20 22 8.48528137
20 25 8.60232527
20 0 9.05538514
20 26 9.43398113
20 28 11.18033989
20 29 12.00000000
20 30 13.03840481
20 31 14.14213562
20 32 15.29705854
20 39 17.02938637
20 41 21.40093456
20 43 23.70653918
20 44 24.16609195
20 42 24.69817807
20 36 26.68332813
20 37 27.20294102
21 23 3.00000000
21 24 4.24264069
21 0 4.47213595
21 20 5.09901951
21 19 6.32455532
21 25 6.32455532
21 22 7.07106781
21 18 7.61577311
21 26 9.00000000
21 28 12.36931688
21 29 13.92838828
21 30 15.23154621
21 31 16.55294536
21 32 17.88854382
21 38 18.35755975
21 15 18.78829423
21 39 21.26029163
21 40 22.67156810
21 41 25.45584412
21 43 27.20294102
21 44 27.45906044
21 42 28.42534081
22 25 1.41421356
22 26 2.23606798
22 24 4.47213595
22 28 6.40312424
22 21 7.07106781
22 23 7.28010989
22 20 8.48528137
22 29 8.48528137
22 19 8.60232527
22 18 8.94427191
22 17 9.84885780
22 16 16.76305461
22 38 17.11724277
22 15 18.02775638
22 39 18.38477631
22 40 19.69771560
22 14 20.00000000
22 41 21.95449840
22 1023 22.02271555
22 43 22.67156810
22 42 24.20743687
22 1022 25.07987241
22 1021 30.26549190
22 1019 33.37663854
22 1055 57.07013229
22 1064 58.94064811
23 0 2.23606798
23 21 3.00000000
23 24 3.00000000
23 25 6.08276253
23 22 7.28010989
23 20 8.06225775
23 19 9.21954446
23 26 9.48683298
23 18 10.44030651
23 28 13.41640786
23 29 15.26433752
23 30 16.64331698
23 31 18.02775638
23 32 19.41648784
23 38 21.02379604
23 15 21.54065923
23 14 23.08679276
23 39 23.60084744
23 40 25.00000000
23 41 27.65863337
23 43 29.06888371
23 44 29.20616373
23 42 30.41381265
24 0 1.41421356
24 23 3.00000000
24 25 3.16227766
24 21 4.24264069
24 22 4.47213595
24 20 8.24621125
24 19 9.05538514
24 18 10.00000000
24 28 10.81665383
24 29 12.80624847
24 30 14.21267040
24 31 15.62049935
24 32 17.02938637
24 38 19.92485885
24 15 20.61552813
24 39 21.95449840
24 14 22.36067977
24 40 23.32380758
24 1023 24.18677324
24 41 25.80697580
24 43 26.87005769
24 44 26.90724809
24 1022 27.07397274
24 42 28.31960452
25 22 1.41421356
25 24 3.16227766
25 23 6.08276253
25 21 6.32455532
25 20 8.60232527
25 19 8.94427191
25 18 9.48683298
25 17 10.44030651
25 16 17.46424920
25 38 18.24828759
25 15 19.10497317
25 39 19.69771560
25 14 21.02379604
25 40 21.02379604
25 1023 23.00000000
25 41 23.32380758
25 43 24.08318916
25 42 25.61249695
25 1022 26.01922366
25 1021 31.14482300
25 1019 34.23448554
25 1055 57.87054518
26 22 2.23606798
26 28 4.24264069
26 29 6.40312424
26 21 9.00000000
26 18 9.21954446
26 19 9.21954446
26 20 9.43398113
26 23 9.48683298
26 17 10.00000000
26 38 16.00000000
26 16 16.55294536
26 39 16.76305461
26 15 17.02938637
26 40 18.02775638
26 14 19.10497317
26 41 20.12461180
26 1023 21.21320344
26 42 22.20360331
26 1022 24.33105012
26 1021 29.61418579
26 1019 32.75667871
26 1013 47.16990566
26 1055 56.51548460
26 1064 58.52349955
26 1063 61.09828148
27 34 2.23606798
27 35 3.60555128
27 36 5.00000000
27 33 6.00000000
27 37 6.40312424
27 44 7.00000000
27 43 8.06225775
27 41 11.18033989
27 39 12.04159458
27 40 12.04159458
27 38 16.12451550
27 16 22.13594362
27 13 25.49509757
27 12 26.83281573
27 1025 28.17800561
27 1024 29.52964612
27 1039 38.94868419
28 29 2.23606798
28 26 4.24264069
28 22 6.40312424
28 18 9.84885780
28 17 10.29563014
28 19 10.44030651
28 24 10.81665383
28 20 11.18033989
28 21 12.36931688
28 39 13.15294644
28 38 13.34166406
28 23 13.41640786
28 40 14.31782106
28 15 14.56021978
28 16 15.62049935
28 41 16.15549442
28 14 16.76305461
28 1023 18.97366596
28 13 20.00000000
28 1021 27.51363298
28 1014 38.58756276
28 1013 45.61797891
28 1064 56.64803615
28 1063 59.50630219
28 1062 60.83584470
29 30 1.41421356
29 28 2.23606798
29 26 6.40312424
29 22 8.48528137
29 18 10.19803903
29 17 10.44030651
29 19 11.04536102
29 39 11.04536102
29 38 11.70469991
29 20 12.00000000
29 40 12.16552506
29 24 12.80624847
29 15 13.00000000
29 21 13.92838828
29 41 13.92838828
29 43 14.21267040
29 16 14.86606875
29 14 15.23154621
29 23 15.26433752
29 42 15.81138830
29 1023 17.46424920
29 13 19.10497317
29 1020 34.05877273
29 1014 37.44329045
29 1013 44.29446918
29 1063 58.13776741
29 1062 59.48108943
30 29 1.41421356
30 31 1.41421356
30 39 10.00000000
30 18 11.04536102
30 40 11.04536102
30 17 11.18033989
30 38 11.18033989
30 19 12.00000000
30 15 12.52996409
30 41 12.64911064
30 43 12.80624847
30 20 13.03840481
30 24 14.21267040
30 42 14.42220510
30 16 15.00000000
30 21 15.23154621
30 23 16.64331698
30 13 19.10497317
30 12 20.51828453
30 1025 21.93171220
30 1024 23.34523506
30 1040 33.24154028
30 1020 33.97057550
30 1014 37.20215048
30 1013 43.90899680
31 30 1.41421356
31 32 1.41421356
31 39 9.05538514
31 40 10.00000000
31 38 10.81665383
31 41 11.40175425
31 43 11.40175425
31 18 12.00000000
31 17 12.04159458
31 15 12.20655562
31 19 13.03840481
31 42 13.03840481
31 20 14.14213562
31 16 15.26433752
31 24 15.62049935
31 21 16.55294536
31 23 18.02775638
31 13 19.20937271
31 12 20.61552813
31 1025 22.02271555
31 1024 23.43074903
31 1040 33.30165161
31 1020 33.94112550
31 1014 37.01351105
32 33 1.00000000
32 31 1.41421356
32 39 8.24621125
32 34 9.05538514
32 40 9.05538514
32 44 9.89949494
32 43 10.00000000
32 35 10.19803903
32 41 10.19803903
32 38 10.63014581
32 36 11.40175425
32 42 11.66190379
32 15 12.04159458
32 37 12.08304597
32 17 13.00000000
32 18 13.03840481
32 19 14.14213562
32 20 15.29705854
32 16 15.65247584
32 24 17.02938637
32 21 17.88854382
32 13 19.41648784
32 23 19.41648784
32 12 20.80865205
32 1025 22.20360331
32 1024 23.60084744
32 1040 33.42154993
32 1020 33.97057550
33 32 1.00000000
33 27 6.00000000
33 34 8.06225775
33 39 8.54400375
33 35 9.21954446
33 40 9.21954446
33 44 9.21954446
33 43 9.43398113
33 41 10.04987562
33 36 10.44030651
33 37 11.18033989
33 42 11.18033989
33 38 11.31370850
33 16 16.55294536
33 13 20.24845673
33 12 21.63330765
33 1025 23.02172887
33 1024 24.41311123
33 1040 34.20526275
33 1020 34.71310992
34 35 1.41421356
34 27 2.23606798
34 37 4.47213595
34 44 6.32455532
34 43 7.61577311
34 33 8.06225775
34 32 9.05538514
34 41 11.40175425
34 40 12.80624847
34 39 13.03840481
34 38 17.46424920
34 17 22.02271555
34 18 22.09072203
34 16 23.76972865
34 13 26.92582404
34 12 28.23118843
35 34 1.41421356
35 36 1.41421356
35 37 3.16227766
35 27 3.60555128
35 44 5.83095189
35 43 7.21110255
35 33 9.21954446
35 32 10.19803903
35 41 11.31370850
35 40 13.03840481
35 39 13.41640786
35 38 18.02775638
35 17 23.08679276
35 18 23.19482701
35 19 24.33105012
35 16 24.51530134
35 13 27.51363298
36 35 1.41421356
36 37 2.00000000
36 27 5.00000000
36 44 5.65685425
36 33 10.44030651
36 32 11.40175425
36 41 11.40175425
36 40 13.41640786
36 39 13.92838828
36 38 18.68154169
36 17 24.18677324
36 18 24.33105012
36 16 25.31797780
36 19 25.49509757
36 20 26.68332813
37 36 2.00000000
37 35 3.16227766
37 34 4.47213595
37 44 4.47213595
37 27 6.40312424
37 33 11.18033989
37 32 12.08304597
37 40 12.64911064
37 39 13.34166406
37 38 18.24828759
37 17 24.51530134
37 18 24.73863375
37 16 25.07987241
37 19 25.96150997
37 20 27.20294102
38 15 1.41421356
38 39 5.00000000
38 16 7.07106781
38 13 9.48683298
38 17 10.00000000
38 32 10.63014581
38 12 10.77032961
38 18 10.81665383
38 31 10.81665383
38 30 11.18033989
38 33 11.31370850
38 29 11.70469991
38 1025 12.08304597
38 28 13.34166406
38 1024 13.41640786
38 44 14.03566885
38 26 16.00000000
38 27 16.12451550
38 22 17.11724277
38 34 17.46424920
38 35 18.02775638
38 25 18.24828759
38 37 18.24828759
38 21 18.35755975
38 36 18.68154169
38 24 19.92485885
38 23 21.02379604
38 0 21.18962010
38 1039 22.82542442
38 1040 23.02172887
38 1020 23.43074903
39 40 1.41421356
39 41 4.47213595
39 38 5.00000000
39 43 8.00000000
39 32 8.24621125
39 42 8.24621125
39 33 8.54400375
39 31 9.05538514
39 44 9.05538514
39 30 10.00000000
39 29 11.04536102
39 16 12.04159458
39 27 12.04159458
39 34 13.03840481
39 28 13.15294644
39 37 13.34166406
39 35 13.41640786
39 17 13.60147051
39 36 13.92838828
39 18 14.21267040
39 19 15.62049935
39 26 16.76305461
39 20 17.02938637
39 22 18.38477631
39 25 19.69771560
39 21 21.26029163
39 24 21.95449840
39 0 23.32380758
39 23 23.60084744
40 39 1.41421356
40 41 3.16227766
40 42 7.07106781
40 43 7.07106781
40 44 8.24621125
40 32 9.05538514
40 33 9.21954446
40 31 10.00000000
40 30 11.04536102
40 27 12.04159458
40 29 12.16552506
40 37 12.64911064
40 34 12.80624847
40 35 13.03840481
40 36 13.41640786
40 28 14.31782106
40 26 18.02775638
40 22 19.69771560
40 25 21.02379604
40 21 22.67156810
40 24 23.32380758
40 0 24.69817807
40 23 25.00000000
41 40 3.16227766
41 42 4.00000000
41 39 4.47213595
41 43 4.47213595
41 44 5.83095189
41 33 10.04987562
41 32 10.19803903
41 27 11.18033989
41 35 11.31370850
41 31 11.40175425
41 34 11.40175425
41 36 11.40175425
41 30 12.64911064
41 29 13.92838828
41 28 16.15549442
41 17 18.02775638
41 18 18.60107524
41 19 20.00000000
41 26 20.12461180
41 20 21.40093456
41 22 21.95449840
41 25 23.32380758
41 21 25.45584412
41 24 25.80697580
41 0 27.20294102
41 23 27.65863337
42 43 2.00000000
42 41 4.00000000
42 40 7.07106781
42 39 8.24621125
42 33 11.18033989
42 32 11.66190379
42 31 13.03840481
42 30 14.42220510
42 29 15.81138830
42 17 21.47091055
42 18 21.95449840
42 26 22.20360331
42 19 23.32380758
42 22 24.20743687
42 20 24.69817807
42 25 25.61249695
42 24 28.31960452
42 21 28.42534081
42 0 29.73213749
42 23 30.41381265
43 44 1.41421356
43 42 2.00000000
43 41 4.47213595
43 40 7.07106781
43 35 7.21110255
43 34 7.61577311
43 39 8.00000000
43 27 8.06225775
43 33 9.43398113
43 32 10.00000000
43 31 11.40175425
43 30 12.80624847
43 29 14.21267040
43 16 20.02498439
43 17 20.61552813
43 18 21.02379604
43 19 22.36067977
43 22 22.67156810
43 20 23.70653918
43 25 24.08318916
43 24 26.87005769
43 21 27.20294102
43 23 29.06888371
44 43 1.41421356
44 37 4.47213595
44 36 5.65685425
44 35 5.83095189
44 41 5.83095189
44 34 6.32455532
44 27 7.00000000
44 40 8.24621125
44 39 9.05538514
44 33 9.21954446
44 32 9.89949494
44 38 14.03566885
44 16 21.00000000
44 17 21.18962010
44 18 21.54065923
44 19 22.84731932
44 20 24.16609195
44 24 26.90724809
44 21 27.45906044
44 23 29.20616373
45 47 1.41421356
45 71 2.23606798
45 72 3.16227766
45 75 6.08276253
45 76 9.05538514
45 77 10.04987562
45 67 11.18033989
45 70 11.31370850
45 69 11.40175425
45 68 12.04159458
45 66 14.14213562
46 47 1.41421356
46 71 5.00000000
46 72 5.83095189
46 75 8.54400375
46 67 9.84885780
46 76 11.40175425
46 70 11.66190379
46 77 12.04159458
46 69 12.08304597
46 68 12.20655562
46 66 12.64911064
47 45 1.41421356
47 46 1.41421356
47 71 3.60555128
47 72 4.47213595
47 75 7.28010989
47 76 10.19803903
47 67 10.44030651
47 77 11.00000000
47 70 11.40175425
47 69 11.66190379
47 68 12.04159458
47 66 13.34166406
48 49 3.16227766
48 162 4.12310563
48 107 4.47213595
48 106 5.83095189
48 88 8.24621125
48 87 9.84885780
48 109 10.63014581
48 89 11.18033989
48 108 11.40175425
48 86 12.52996409
48 91 13.03840481
48 166 13.34166406
48 161 14.03566885
48 112 14.56021978
48 117 15.00000000
48 167 15.13274595
48 110 15.81138830
48 90 17.02938637
48 111 17.08800749
48 83 23.43074903
48 82 24.41311123
49 107 1.41421356
49 48 3.16227766
49 88 7.07106781
49 162 7.28010989
49 87 8.06225775
49 89 9.21954446
49 86 10.44030651
49 91 10.77032961
49 109 12.52996409
49 108 13.41640786
49 166 16.49242250
49 161 17.11724277
49 112 17.26267650
49 167 18.24828759
49 110 18.43908891
49 111 19.64688270
50 103 3.16227766
50 51 4.00000000
50 52 5.09901951
50 101 6.32455532
50 102 7.61577311
50 100 9.84885780
50 97 13.41640786
50 96 13.60147051
50 93 13.92838828
50 82 14.14213562
50 81 14.56021978
50 95 14.86606875
50 83 15.52417470
50 84 16.76305461
50 94 16.97056275
50 63 17.02938637
50 62 20.24845673
51 52 1.41421356
51 50 4.00000000
51 103 5.83095189
51 99 9.43398113
51 96 11.70469991
51 97 12.16552506
51 95 12.52996409
51 93 13.03840481
51 81 14.00000000
51 63 14.21267040
51 94 14.42220510
51 82 15.23154621
51 83 17.00000000
51 90 17.02938637
51 92 17.69180601
51 84 18.35755975
52 51 1.41421356
52 101 1.41421356
52 50 5.09901951
52 103 6.32455532
52 104 8.54400375
52 99 9.84885780
52 96 10.44030651
52 97 11.04536102
52 95 11.18033989
52 93 12.00000000
52 63 12.80624847
52 81 13.03840481
52 94 13.03840481
52 82 14.76482306
52 83 16.64331698
52 90 17.20465053
52 92 17.69180601
52 84 18.02775638
52 91 22.36067977
52 86 23.25940670
53 54 2.00000000
53 55 3.16227766
53 58 5.00000000
53 57 5.38516481
53 66 15.03329638
53 56 18.24828759
53 100 24.18677324
53 103 34.23448554
53 104 36.12478374
53 99 37.05401463
53 98 38.05259518
53 112 69.06518660
53 110 70.02856560
53 111 71.00704190
54 55 1.41421356
54 53 2.00000000
54 57 5.00000000
54 58 5.38516481
54 66 15.29705854
54 62 17.08800749
54 63 20.88061302
54 95 23.76972865
54 96 25.70992026
54 92 41.77319715
54 90 42.42640687
54 91 48.37354649
54 86 49.36598019
54 89 50.24937811
54 87 51.15662225
54 88 53.08483776
54 109 63.03173804
54 108 64.03124237
54 111 71.00704190
55 54 1.41421356
55 53 3.16227766
55 66 14.56021978
56 100 6.00000000
56 62 7.28010989
56 63 7.28010989
56 61 8.54400375
56 94 8.54400375
56 95 8.60232527
56 64 9.84885780
56 96 9.89949494
56 79 11.18033989
56 97 12.04159458
56 80 12.52996409
56 59 12.64911064
56 57 13.03840481
56 58 13.34166406
56 60 13.41640786
56 78 14.42220510
56 65 14.76482306
56 53 18.24828759
56 99 19.02629759
56 82 19.72308292
56 83 21.95449840
56 92 24.69817807
56 90 25.00000000
56 91 30.80584360
56 86 31.78049716
56 89 32.55764119
56 66 33.24154028
56 87 33.37663854
56 88 35.22782991
56 109 45.09988914
56 108 46.09772229
57 58 2.00000000
57 59 3.16227766
57 54 5.00000000
57 53 5.38516481
57 64 12.04159458
57 79 12.04159458
57 78 12.08304597
57 61 12.20655562
57 80 12.20655562
57 62 12.52996409
57 56 13.03840481
57 63 16.15549442
57 95 18.97366596
57 100 19.02629759
57 66 20.22374842
57 96 20.88061302
57 104 31.01612484
57 99 32.00000000
57 92 36.87817783
57 90 37.48332963
57 91 43.41658669
57 86 44.40720662
57 89 45.27692569
57 87 46.17358552
57 88 48.09365863
57 109 58.03447251
57 108 59.03388857
57 111 66.00757532
58 59 1.41421356
58 57 2.00000000
58 53 5.00000000
58 54 5.38516481
58 79 10.63014581
58 64 10.81665383
58 61 11.18033989
58 62 11.70469991
58 56 13.34166406
58 63 15.52417470
58 95 18.43908891
58 100 19.23538406
58 96 20.39607805
58 103 29.27456234
58 104 31.14482300
58 99 32.06243908
58 98 33.06055051
58 92 36.49657518
58 90 37.21558813
58 91 43.18564576
58 86 44.18144407
58 89 45.09988914
58 87 46.04345773
58 88 48.01041554
58 109 58.00000000
58 112 64.07027392
58 110 65.03076195
58 111 66.00757532
59 58 1.41421356
59 60 2.00000000
59 57 3.16227766
59 78 8.94427191
59 79 9.21954446
59 80 9.21954446
59 64 9.43398113
59 61 9.84885780
59 62 10.44030651
59 56 12.64911064
59 63 14.31782106
59 95 17.26267650
59 100 18.43908891
59 96 19.23538406
59 103 28.44292531
59 104 30.26549190
59 99 31.14482300
59 98 32.14031736
59 92 35.35533906
59 90 36.12478374
59 91 42.10700654
59 86 43.10452412
59 89 44.04543109
59 87 45.01110974
59 88 47.00000000
59 109 57.00877125
59 112 63.12685641
59 110 64.07027392
59 111 65.03076195
60 65 1.41421356
60 59 2.00000000
60 78 7.21110255
60 80 7.81024968
60 79 8.06225775
60 64 8.54400375
60 61 9.21954446
60 62 10.04987562
60 56 13.41640786
60 63 14.03566885
60 95 17.02938637
60 100 18.97366596
60 96 19.02629759
60 103 28.86173938
60 104 30.59411708
60 99 31.40063694
60 98 32.38826948
60 90 36.01388621
60 91 42.01190308
60 105 42.42640687
60 86 43.01162634
60 89 44.00000000
60 87 45.01110974
60 88 47.04253395
60 109 57.07889277
60 112 63.28506933
60 110 64.19501538
60 111 65.12296062
61 62 1.41421356
61 64 1.41421356
61 78 6.40312424
61 56 8.54400375
61 60 9.21954446
61 59 9.84885780
61 65 10.04987562
61 58 11.18033989
61 57 12.20655562
62 61 1.41421356
62 63 4.00000000
62 56 7.28010989
62 78 7.81024968
62 60 10.04987562
62 59 10.44030651
62 100 10.63014581
62 65 11.00000000
62 58 11.70469991
62 57 12.52996409
62 102 12.80624847
62 54 17.08800749
62 103 19.69771560
62 50 20.24845673
62 104 21.18962010
62 99 21.84032967
62 98 22.80350850
62 105 32.75667871
62 89 34.01470270
62 87 35.05709629
62 88 37.12142239
62 109 47.16990566
62 112 53.46026562
62 110 54.33231083
62 111 55.22680509
63 94 1.41421356
63 95 3.00000000
63 62 4.00000000
63 56 7.28010989
63 100 8.06225775
63 102 10.00000000
63 101 11.40175425
63 52 12.80624847
63 60 14.03566885
63 51 14.21267040
63 59 14.31782106
63 58 15.52417470
63 103 16.12451550
63 57 16.15549442
63 50 17.02938637
63 104 17.46424920
63 99 18.02775638
63 98 18.97366596
63 54 20.88061302
63 105 28.86173938
63 89 30.01666204
63 87 31.06444913
63 88 33.13608305
63 109 43.18564576
63 112 49.49747468
63 110 50.35871325
63 161 50.44799302
63 111 51.24451190
64 61 1.41421356
64 79 1.41421356
64 78 5.00000000
64 60 8.54400375
64 65 9.21954446
64 59 9.43398113
64 56 9.84885780
64 58 10.81665383
64 57 12.04159458
65 60 1.41421356
65 78 7.07106781
65 80 8.06225775
65 79 8.54400375
65 64 9.21954446
65 61 10.04987562
65 62 11.00000000
65 56 14.76482306
65 100 20.24845673
65 103 30.08321791
65 104 31.78049716
65 99 32.55764119
65 98 33.54101966
65 105 43.56604182
65 89 45.01110974
65 87 46.04345773
65 88 48.09365863
65 109 58.13776741
65 112 64.38167441
65 110 65.27633568
65 111 66.18912297
66 67 3.00000000
66 46 12.64911064
66 47 13.34166406
66 45 14.14213562
66 55 14.56021978
66 53 15.03329638
66 54 15.29705854
66 57 20.22374842
66 56 33.24154028
66 100 39.20459157
66 103 49.25444142
66 104 51.15662225
67 66 3.00000000
67 68 6.32455532
67 70 6.70820393
67 69 8.06225775
67 46 9.84885780
67 47 10.44030651
67 45 11.18033989
67 71 12.00000000
67 72 12.04159458
67 75 12.64911064
67 77 12.80624847
67 76 13.89244399
67 74 13.92838828
67 73 14.31782106
68 70 1.00000000
68 67 6.32455532
68 75 10.19803903
68 74 11.04536102
68 72 11.18033989
68 71 11.66190379
68 45 12.04159458
68 47 12.04159458
68 46 12.20655562
68 936 15.03329638
68 941 30.01666204
69 70 1.41421356
69 77 6.08276253
69 76 8.00000000
69 67 8.06225775
69 75 8.54400375
69 73 9.05538514
69 74 9.21954446
69 72 10.00000000
69 71 10.63014581
69 45 11.40175425
69 47 11.66190379
69 46 12.08304597
69 936 13.15294644
70 68 1.00000000
70 69 1.41421356
70 67 6.70820393
70 77 7.28010989
70 76 9.05538514
70 75 9.21954446
70 73 10.00000000
70 74 10.04987562
70 72 10.29563014
70 71 10.81665383
70 45 11.31370850
70 47 11.40175425
70 46 11.66190379
70 936 14.03566885
70 941 29.01723626
71 72 1.00000000
71 45 2.23606798
71 47 3.60555128
71 46 5.00000000
71 77 8.24621125
71 69 10.63014581
71 70 10.81665383
71 68 11.66190379
71 67 12.00000000
72 71 1.00000000
72 75 3.00000000
72 45 3.16227766
72 47 4.47213595
72 46 5.83095189
72 77 7.28010989
72 69 10.00000000
72 70 10.29563014
72 68 11.18033989
72 67 12.04159458
73 74 1.00000000
73 76 1.41421356
73 75 2.23606798
73 77 3.60555128
73 935 4.00000000
73 936 4.12310563
73 69 9.05538514
73 70 10.00000000
73 67 14.31782106
73 941 19.02629759
74 73 1.00000000
74 75 1.41421356
74 76 2.23606798
74 936 4.00000000
74 935 4.12310563
74 77 4.24264069
74 69 9.21954446
74 70 10.04987562
74 68 11.04536102
74 67 13.92838828
74 943 16.27882060
75 74 1.41421356
75 73 2.23606798
75 72 3.00000000
75 76 3.00000000
75 77 4.47213595
75 45 6.08276253
75 47 7.28010989
75 46 8.54400375
75 69 8.54400375
75 70 9.21954446
75 68 10.19803903
75 67 12.64911064
76 73 1.41421356
76 74 2.23606798
76 77 2.23606798
76 75 3.00000000
76 69 8.00000000
76 45 9.05538514
76 70 9.05538514
76 47 10.19803903
76 46 11.40175425
76 67 13.89244399
77 76 2.23606798
77 73 3.60555128
77 74 4.24264069
77 75 4.47213595
77 69 6.08276253
77 70 7.28010989
77 72 7.28010989
77 71 8.24621125
77 45 10.04987562
77 47 11.00000000
77 46 12.04159458
77 67 12.80624847
78 80 2.23606798
78 79 3.60555128
78 64 5.00000000
78 61 6.40312424
78 65 7.07106781
78 60 7.21110255
78 62 7.81024968
78 59 8.94427191
78 57 12.08304597
78 56 14.42220510
78 100 18.43908891
79 64 1.41421356
79 80 1.41421356
79 78 3.60555128
79 60 8.06225775
79 65 8.54400375
79 59 9.21954446
79 58 10.63014581
79 56 11.18033989
79 57 12.04159458
80 79 1.41421356
80 78 2.23606798
80 60 7.81024968
80 65 8.06225775
80 59 9.21954446
80 57 12.20655562
80 56 12.52996409
81 93 1.41421356
81 82 6.00000000
81 100 11.18033989
81 102 11.40175425
81 92 12.04159458
81 99 12.04159458
81 103 12.08304597
81 101 12.16552506
81 104 12.20655562
81 98 12.72792206
81 52 13.03840481
81 90 13.34166406
81 51 14.00000000
81 50 14.56021978
81 105 21.47091055
81 106 23.70653918
81 88 24.73863375
81 162 33.54101966
81 166 42.54409477
81 161 42.72001873
81 167 44.01136217
82 83 2.23606798
82 81 6.00000000
82 92 6.08276253
82 93 7.07106781
82 90 7.61577311
82 97 8.24621125
82 99 9.21954446
82 98 9.48683298
82 104 10.04987562
82 96 10.44030651
82 103 11.04536102
82 50 14.14213562
82 102 14.21267040
82 101 14.42220510
82 52 14.76482306
82 100 14.86606875
82 51 15.23154621
82 105 16.40121947
82 106 18.60107524
82 56 19.72308292
82 48 24.41311123
82 162 28.30194340
82 163 30.52867504
82 165 34.98571137
82 166 37.12142239
82 161 37.16180835
82 167 38.48376281
83 84 1.41421356
83 82 2.23606798
83 92 4.47213595
83 90 6.40312424
83 99 10.00000000
83 98 10.04987562
83 104 11.04536102
83 103 12.36931688
83 50 15.52417470
83 105 15.55634919
83 102 16.27882060
83 101 16.40121947
83 52 16.64331698
83 51 17.00000000
83 100 17.02938637
83 106 17.69180601
83 56 21.95449840
83 48 23.43074903
84 85 1.00000000
84 83 1.41421356
84 92 4.24264069
84 90 6.40312424
84 98 11.00000000
84 99 11.04536102
84 104 12.16552506
84 103 13.60147051
84 50 16.76305461
84 102 17.69180601
84 101 17.80449381
84 52 18.02775638
84 51 18.35755975
85 84 1.00000000
85 92 5.00000000
85 90 7.21110255
86 91 1.00000000
86 89 1.41421356
86 105 7.07106781
86 106 8.06225775
86 107 9.21954446
86 49 10.44030651
86 48 12.52996409
86 98 12.52996409
86 99 13.41640786
86 162 15.62049935
86 163 17.69180601
86 52 23.25940670
86 101 23.76972865
86 102 24.35159132
86 100 25.96150997
86 56 31.78049716
86 60 43.01162634
86 59 43.10452412
86 58 44.18144407
86 57 44.40720662
86 54 49.36598019
87 89 1.41421356
87 88 2.23606798
87 91 3.60555128
87 105 5.83095189
87 106 6.08276253
87 107 7.00000000
87 49 8.06225775
87 90 9.21954446
87 48 9.84885780
87 162 12.80624847
87 98 13.60147051
87 99 14.56021978
87 163 14.86606875
87 165 19.10497317
87 161 20.59126028
87 166 20.80865205
87 167 21.95449840
87 93 23.34523506
87 97 24.18677324
87 102 25.70992026
87 96 26.07680962
87 100 27.45906044
87 95 28.07133770
87 63 31.06444913
87 56 33.37663854
87 62 35.05709629
87 59 45.01110974
87 60 45.01110974
87 58 46.04345773
87 65 46.04345773
87 57 46.17358552
87 54 51.15662225
88 87 2.23606798
88 106 5.83095189
88 107 6.32455532
88 105 6.40312424
88 49 7.07106781
88 48 8.24621125
88 109 10.04987562
88 162 10.81665383
88 90 11.40175425
88 163 12.80624847
88 98 15.29705854
88 99 16.27882060
88 112 16.49242250
88 165 16.97056275
88 110 17.26267650
88 111 18.11077028
88 161 18.35755975
88 166 18.60107524
88 167 19.72308292
88 81 24.73863375
88 93 25.49509757
88 97 26.30589288
88 102 27.45906044
88 96 28.16025568
88 100 29.27456234
88 95 30.14962686
88 63 33.13608305
88 56 35.22782991
88 62 37.12142239
88 59 47.00000000
88 60 47.04253395
88 58 48.01041554
88 57 48.09365863
88 65 48.09365863
88 54 53.08483776
89 86 1.41421356
89 87 1.41421356
89 91 2.23606798
89 105 6.32455532
89 106 7.00000000
89 90 8.06225775
89 107 8.06225775
89 49 9.21954446
89 48 11.18033989
89 98 13.00000000
89 99 13.92838828
89 162 14.21267040
89 163 16.27882060
89 97 23.08679276
89 101 24.35159132
89 102 25.00000000
89 96 25.01999201
89 100 26.68332813
89 95 27.01851217
89 63 30.01666204
89 56 32.55764119
89 62 34.01470270
89 60 44.00000000
89 59 44.04543109
89 65 45.01110974
89 58 45.09988914
89 57 45.27692569
89 54 50.24937811
90 92 2.23606798
90 91 6.00000000
90 83 6.40312424
90 84 6.40312424
90 85 7.21110255
90 98 7.21110255
90 82 7.61577311
90 99 7.81024968
90 89 8.06225775
90 87 9.21954446
90 104 9.21954446
90 105 9.21954446
90 103 11.31370850
90 106 11.31370850
90 88 11.40175425
90 81 13.34166406
90 93 14.14213562
90 97 15.03329638
90 96 17.00000000
90 48 17.02938637
90 51 17.02938637
90 52 17.20465053
90 101 17.49285568
90 102 17.88854382
90 100 19.31320792
90 162 20.80865205
90 163 23.02172887
90 56 25.00000000
90 165 27.45906044
90 166 29.52964612
90 161 29.54657341
90 167 30.87069808
90 60 36.01388621
90 59 36.12478374
90 58 37.21558813
90 57 37.48332963
90 54 42.42640687
91 86 1.00000000
91 89 2.23606798
91 87 3.60555128
91 90 6.00000000
91 105 7.00000000
91 106 8.24621125
91 107 9.48683298
91 49 10.77032961
91 98 11.66190379
91 99 12.52996409
91 48 13.03840481
91 162 16.27882060
91 163 18.38477631
91 52 22.36067977
91 165 22.67156810
91 101 22.84731932
91 102 23.40939982
91 166 24.41311123
91 100 25.00000000
91 56 30.80584360
91 60 42.01190308
91 59 42.10700654
91 58 43.18564576
91 57 43.41658669
91 54 48.37354649
92 90 2.23606798
92 84 4.24264069
92 83 4.47213595
92 85 5.00000000
92 82 6.08276253
92 98 8.54400375
92 99 8.94427191
92 104 10.29563014
92 81 12.04159458
92 103 12.20655562
92 93 13.00000000
92 97 14.03566885
92 96 16.12451550
92 51 17.69180601
92 52 17.69180601
92 101 17.80449381
92 102 18.02775638
92 100 19.23538406
92 56 24.69817807
92 59 35.35533906
92 58 36.49657518
92 57 36.87817783
92 54 41.77319715
93 81 1.41421356
93 97 1.41421356
93 82 7.07106781
93 100 9.84885780
93 102 10.19803903
93 101 11.04536102
93 103 11.66190379
93 52 12.00000000
93 99 12.04159458
93 104 12.04159458
93 98 12.80624847
93 92 13.00000000
93 51 13.03840481
93 50 13.92838828
93 90 14.14213562
93 105 21.93171220
93 87 23.34523506
93 88 25.49509757
93 112 41.97618372
93 166 43.08131846
93 161 43.32435804
93 167 44.59820624
94 63 1.41421356
94 95 2.23606798
94 56 8.54400375
94 100 8.54400375
94 102 10.29563014
94 101 11.66190379
94 52 13.03840481
94 51 14.42220510
94 103 15.81138830
94 50 16.97056275
94 104 17.00000000
95 96 2.00000000
95 94 2.23606798
95 63 3.00000000
95 100 7.07106781
95 102 8.54400375
95 56 8.60232527
95 101 9.84885780
95 52 11.18033989
95 51 12.52996409
95 103 13.60147051
95 104 14.76482306
95 50 14.86606875
95 99 15.23154621
95 98 16.15549442
95 60 17.02938637
95 59 17.26267650
95 58 18.43908891
95 57 18.97366596
95 54 23.76972865
95 105 25.96150997
95 89 27.01851217
95 87 28.07133770
95 88 30.14962686
95 112 46.52956050
95 110 47.38143096
95 161 47.53945730
95 111 48.25971405
95 167 48.76474136
96 95 2.00000000
96 97 2.23606798
96 100 7.07106781
96 102 8.06225775
96 101 9.21954446
96 56 9.89949494
96 52 10.44030651
96 82 10.44030651
96 51 11.70469991
96 103 12.04159458
96 104 13.03840481
96 99 13.41640786
96 50 13.60147051
96 98 14.31782106
96 92 16.12451550
96 90 17.00000000
96 60 19.02629759
96 59 19.23538406
96 58 20.39607805
96 57 20.88061302
96 105 24.04163056
96 89 25.01999201
96 54 25.70992026
96 87 26.07680962
96 88 28.16025568
96 112 44.55333882
96 110 45.39823785
96 161 45.60701700
96 111 46.27094121
96 167 46.84015371
97 93 1.41421356
97 96 2.23606798
97 82 8.24621125
97 100 8.54400375
97 102 9.05538514
97 101 10.00000000
97 52 11.04536102
97 103 11.40175425
97 56 12.04159458
97 104 12.04159458
97 51 12.16552506
97 99 12.20655562
97 98 13.03840481
97 50 13.41640786
97 92 14.03566885
97 90 15.03329638
97 105 22.47220505
97 89 23.08679276
97 87 24.18677324
97 88 26.30589288
97 112 42.75511665
97 110 43.56604182
97 166 43.65775991
97 161 43.96589587
97 167 45.22167622
98 99 1.00000000
98 90 7.21110255
98 92 8.54400375
98 82 9.48683298
98 83 10.04987562
98 105 10.04987562
98 84 11.00000000
98 91 11.66190379
98 86 12.52996409
98 81 12.72792206
98 93 12.80624847
98 89 13.00000000
98 97 13.03840481
98 87 13.60147051
98 96 14.31782106
98 88 15.29705854
98 95 16.15549442
98 63 18.97366596
98 62 22.80350850
98 109 25.07987241
98 108 26.07680962
98 112 31.01612484
98 110 32.00000000
98 59 32.14031736
98 60 32.38826948
98 111 33.01514804
98 58 33.06055051
98 65 33.54101966
98 53 38.05259518
99 98 1.00000000
99 104 1.41421356
99 103 3.60555128
99 90 7.81024968
99 92 8.94427191
99 82 9.21954446
99 51 9.43398113
99 52 9.84885780
99 83 10.00000000
99 101 10.44030651
99 84 11.04536102
99 102 11.18033989
99 81 12.04159458
99 93 12.04159458
99 97 12.20655562
99 91 12.52996409
99 100 13.03840481
99 86 13.41640786
99 96 13.41640786
99 89 13.92838828
99 87 14.56021978
99 95 15.23154621
99 88 16.27882060
99 63 18.02775638
99 56 19.02629759
99 62 21.84032967
99 109 26.07680962
99 108 27.07397274
99 59 31.14482300
99 60 31.40063694
99 57 32.00000000
99 58 32.06243908
99 65 32.55764119
99 111 34.01470270
99 53 37.05401463
100 102 2.23606798
100 56 6.00000000
100 95 7.07106781
100 96 7.07106781
100 63 8.06225775
100 94 8.54400375
100 97 8.54400375
100 50 9.84885780
100 93 9.84885780
100 103 10.04987562
100 62 10.63014581
100 81 11.18033989
100 104 12.00000000
100 99 13.03840481
100 82 14.86606875
100 83 17.02938637
100 59 18.43908891
100 78 18.43908891
100 60 18.97366596
100 57 19.02629759
100 58 19.23538406
100 92 19.23538406
100 90 19.31320792
100 65 20.24845673
100 53 24.18677324
100 91 25.00000000
100 86 25.96150997
100 89 26.68332813
100 87 27.45906044
100 88 29.27456234
100 66 39.20459157
101 52 1.41421356
101 102 1.41421356
101 50 6.32455532
101 103 7.07106781
101 96 9.21954446
101 104 9.21954446
101 95 9.84885780
101 97 10.00000000
101 99 10.44030651
101 93 11.04536102
101 63 11.40175425
101 94 11.66190379
101 81 12.16552506
101 82 14.42220510
101 83 16.40121947
101 90 17.49285568
101 84 17.80449381
101 92 17.80449381
101 91 22.84731932
101 86 23.76972865
101 89 24.35159132
102 101 1.41421356
102 100 2.23606798
102 50 7.61577311
102 103 8.00000000
102 96 8.06225775
102 95 8.54400375
102 97 9.05538514
102 63 10.00000000
102 104 10.04987562
102 93 10.19803903
102 94 10.29563014
102 99 11.18033989
102 81 11.40175425
102 62 12.80624847
102 82 14.21267040
102 83 16.27882060
102 84 17.69180601
102 90 17.88854382
102 92 18.02775638
102 91 23.40939982
102 86 24.35159132
102 89 25.00000000
102 87 25.70992026
102 88 27.45906044
103 104 2.23606798
103 50 3.16227766
103 99 3.60555128
103 51 5.83095189
103 52 6.32455532
103 101 7.07106781
103 102 8.00000000
103 100 10.04987562
103 82 11.04536102
103 90 11.31370850
103 97 11.40175425
103 93 11.66190379
103 96 12.04159458
103 81 12.08304597
103 92 12.20655562
103 83 12.36931688
103 84 13.60147051
103 95 13.60147051
103 94 15.81138830
103 63 16.12451550
103 62 19.69771560
103 59 28.44292531
103 60 28.86173938
103 58 29.27456234
103 65 30.08321791
103 53 34.23448554
103 66 49.25444142
104 99 1.41421356
104 103 2.23606798
104 52 8.54400375
104 90 9.21954446
104 101 9.21954446
104 82 10.04987562
104 102 10.04987562
104 92 10.29563014
104 83 11.04536102
104 100 12.00000000
104 93 12.04159458
104 97 12.04159458
104 84 12.16552506
104 81 12.20655562
104 96 13.03840481
104 95 14.76482306
104 94 17.00000000
104 63 17.46424920
104 62 21.18962010
104 59 30.26549190
104 60 30.59411708
104 57 31.01612484
104 58 31.14482300
104 65 31.78049716
104 53 36.12478374
104 66 51.15662225
105 106 2.23606798
105 87 5.83095189
105 89 6.32455532
105 88 6.40312424
105 91 7.00000000
105 86 7.07106781
105 90 9.21954446
105 98 10.04987562
105 162 12.08304597
105 109 15.29705854
105 83 15.55634919
105 108 16.27882060
105 82 16.40121947
105 112 21.00000000
105 166 21.18962010
105 81 21.47091055
105 161 21.58703314
105 93 21.93171220
105 110 22.02271555
105 97 22.47220505
105 167 22.80350850
105 111 23.08679276
105 96 24.04163056
105 95 25.96150997
105 63 28.86173938
105 62 32.75667871
105 60 42.42640687
105 65 43.56604182
106 107 1.41421356
106 105 2.23606798
106 48 5.83095189
106 88 5.83095189
106 87 6.08276253
106 89 7.00000000
106 86 8.06225775
106 91 8.24621125
106 162 9.84885780
106 90 11.31370850
106 109 13.60147051
106 108 14.56021978
106 83 17.69180601
106 82 18.60107524
106 166 18.97366596
106 112 19.02629759
106 161 19.41648784
106 110 20.09975124
106 167 20.61552813
106 111 21.21320344
106 81 23.70653918
107 49 1.41421356
107 106 1.41421356
107 48 4.47213595
107 88 6.32455532
107 87 7.00000000
107 89 8.06225775
107 162 8.54400375
107 86 9.21954446
107 91 9.48683298
107 109 13.00000000
107 108 13.92838828
107 166 17.72004515
107 112 18.11077028
107 161 18.24828759
107 110 19.23538406
107 167 19.41648784
107 111 20.39607805
108 109 1.00000000
108 118 1.41421356
108 117 3.60555128
108 112 5.83095189
108 110 6.32455532
108 111 7.07106781
108 161 9.43398113
108 162 9.43398113
108 163 9.48683298
108 166 10.77032961
108 165 11.04536102
108 48 11.40175425
108 164 11.40175425
108 49 13.41640786
108 107 13.92838828
108 106 14.56021978
108 105 16.27882060
108 98 26.07680962
108 99 27.07397274
108 56 46.09772229
108 57 59.03388857
108 54 64.03124237
109 108 1.00000000
109 112 6.70820393
109 110 7.28010989
109 111 8.06225775
109 162 8.94427191
