2 0 1.00000000
1 0 2.00000000
952 0 9.84885780
34 0 10.81665383
955 0 10.81665383
35 0 11.18033989
37 0 11.18033989
36 0 11.70469991
40 0 13.60147051
866 0 14.31782106
953 0 14.56021978
38 0 15.00000000
856 0 15.23154621
39 0 15.62049935
44 0 19.20937271
43 0 22.80350850
18 0 23.02172887
865 0 25.01999201
864 0 29.01723626
50 0 30.23243292
46 0 36.05551275
45 0 36.35931793
52 0 37.16180835
100 0 47.01063709
0 1 2.00000000
61 1 2.00000000
37 1 11.00000000
952 1 11.70469991
34 1 12.04159458
35 1 12.20655562
866 1 12.36931688
36 1 12.52996409
40 1 12.52996409
955 1 12.52996409
856 1 13.41640786
38 1 13.89244399
39 1 14.42220510
953 1 16.49242250
44 1 17.69180601
43 1 21.26029163
865 1 23.02172887
18 1 25.01999201
864 1 27.01851217
50 1 28.60069929
46 1 34.40930107
45 1 34.66987165
100 1 45.01110974
0 2 1.00000000
4 2 4.00000000
952 2 8.94427191
955 2 10.00000000
34 2 10.29563014
35 2 10.77032961
36 2 11.40175425
37 2 11.40175425
953 2 13.60147051
40 2 14.21267040
866 2 15.29705854
38 2 15.62049935
856 2 16.15549442
39 2 16.27882060
44 2 20.00000000
18 2 22.02271555
43 2 23.60084744
865 2 26.01922366
864 2 30.01666204
50 2 31.06444913
46 2 36.89173349
45 2 37.21558813
52 2 38.07886553
100 2 48.01041554
4 3 1.41421356
952 3 5.83095189
5 3 6.00000000
955 3 7.61577311
953 3 9.43398113
34 3 10.00000000
35 3 11.04536102
36 3 12.16552506
37 3 14.42220510
18 3 17.11724277
21 3 19.72308292
3 4 1.41421356
2 4 4.00000000
952 4 5.65685425
5 4 7.07106781
955 4 7.21110255
34 4 9.05538514
953 4 9.84885780
35 4 10.00000000
36 4 11.04536102
37 4 13.03840481
40 4 17.02938637
18 4 18.02775638
39 4 19.20937271
866 4 19.23538406
856 4 19.92485885
44 4 23.32380758
865 4 30.01666204
864 4 34.01470270
50 4 34.48187930
45 4 40.70626487
52 4 41.78516483
100 4 52.00961450
6 5 1.41421356
10 5 3.60555128
953 5 5.38516481
952 5 5.83095189
3 5 6.00000000
4 5 7.07106781
18 5 11.18033989
17 5 12.08304597
35 5 13.03840481
36 5 14.42220510
21 5 14.86606875
25 5 15.23154621
37 5 18.43908891
20 5 20.24845673
40 5 23.32380758
39 5 25.55386468
866 5 26.30589288
856 5 26.92582404
31 5 28.65309756
33 5 29.96664813
44 5 29.96664813
859 5 38.32753579
45 5 47.42362281
52 5 48.70318265
186 5 49.72926704
5 6 1.41421356
10 6 2.23606798
953 6 6.08276253
952 6 7.21110255
18 6 10.44030651
17 6 10.77032961
22 6 11.18033989
23 6 13.34166406
24 6 14.56021978
21 6 14.86606875
25 6 15.81138830
36 6 15.81138830
20 6 20.59126028
31 6 29.06888371
33 6 30.46309242
9 7 1.41421356
8 7 2.00000000
17 7 6.08276253
18 7 8.48528137
12 7 9.05538514
953 7 9.48683298
11 7 11.18033989
954 7 11.40175425
952 7 12.04159458
14 7 12.52996409
16 7 12.80624847
15 7 13.45362405
22 7 14.14213562
21 7 15.23154621
23 7 16.03121954
24 7 17.00000000
25 7 18.02775638
20 7 21.84032967
26 7 30.06659276
30 7 31.25699922
33 7 32.01562119
7 8 2.00000000
13 8 5.00000000
17 8 6.08276253
12 8 7.07106781
11 8 9.21954446
18 8 10.00000000
14 8 10.81665383
16 8 11.31370850
15 8 12.20655562
21 8 17.08800749
25 8 20.02498439
20 8 23.76972865
26 8 32.06243908
30 8 33.24154028
33 8 33.95585369
7 9 1.41421356
10 9 1.41421356
17 9 7.28010989
953 9 8.24621125
18 9 8.60232527
954 9 10.19803903
952 9 10.63014581
22 9 13.03840481
21 9 14.76482306
15 9 14.86606875
23 9 15.00000000
24 9 16.03121954
25 9 17.11724277
20 9 21.18962010
30 9 30.41381265
33 9 31.32091953
9 10 1.41421356
6 10 2.23606798
5 10 3.60555128
953 10 7.07106781
17 10 8.54400375
18 10 8.94427191
954 10 9.05538514
952 10 9.21954446
22 10 12.00000000
23 10 14.03566885
21 10 14.42220510
24 10 15.13274595
15 10 16.27882060
25 10 16.27882060
20 10 20.61552813
37 10 22.02271555
31 10 29.15475947
30 10 29.61418579
33 10 30.67572330
12 11 2.23606798
14 11 4.00000000
16 11 6.08276253
15 11 8.24621125
8 11 9.21954446
17 11 10.77032961
7 11 11.18033989
18 11 17.46424920
21 11 25.31797780
22 11 25.31797780
23 11 27.16615541
24 11 28.07133770
25 11 29.01723626
20 11 32.24903099
29 11 36.01388621
26 11 41.00000000
30 11 42.04759208
11 12 2.23606798
13 12 2.23606798
14 12 5.38516481
8 12 7.07106781
16 12 7.07106781
15 12 9.00000000
7 12 9.05538514
17 12 9.43398113
18 12 15.81138830
21 12 23.53720459
23 12 25.07987241
24 12 26.01922366
25 12 27.00000000
20 12 30.41381265
26 12 39.01281841
30 12 40.11234224
12 13 2.23606798
8 13 5.00000000
14 13 7.21110255
17 13 8.48528137
16 13 8.54400375
15 13 10.19803903
18 13 14.31782106
21 13 21.84032967
25 13 25.01999201
20 13 28.63564213
26 13 37.05401463
30 13 38.20994635
33 13 38.83297568
16 14 2.23606798
11 14 4.00000000
12 14 5.38516481
13 14 7.21110255
17 14 10.00000000
8 14 10.81665383
7 14 12.52996409
953 14 21.93171220
954 14 23.76972865
22 14 26.24880950
23 14 27.89265136
24 14 28.63564213
25 14 29.42787794
29 14 36.34556369
26 14 41.19465985
30 14 42.04759208
16 15 2.23606798
11 15 8.24621125
17 15 8.94427191
12 15 9.00000000
13 15 10.19803903
8 15 12.20655562
7 15 13.45362405
9 15 14.86606875
10 15 16.27882060
953 15 22.20360331
954 15 23.85372088
952 15 25.45584412
22 15 25.94224354
14 16 2.23606798
15 16 2.23606798
11 16 6.08276253
12 16 7.07106781
13 16 8.54400375
17 16 9.21954446
8 16 11.31370850
7 16 12.80624847
953 16 21.95449840
954 16 23.70653918
22 16 26.00000000
23 16 27.51363298
24 16 28.16025568
25 16 28.86173938
7 17 6.08276253
8 17 6.08276253
18 17 7.00000000
9 17 7.28010989
13 17 8.48528137
10 17 8.54400375
15 17 8.94427191
16 17 9.21954446
12 17 9.43398113
14 17 10.00000000
6 17 10.77032961
11 17 10.77032961
5 17 12.08304597
953 17 13.45362405
954 17 15.00000000
22 17 17.00000000
952 17 17.20465053
23 17 18.38477631
24 17 18.97366596
25 17 19.64688270
29 17 26.47640459
37 17 30.23243292
26 17 31.25699922
30 17 32.06243908
40 17 35.35533906
39 17 37.58989226
44 17 42.04759208
45 17 59.50630219
17 18 7.00000000
21 18 8.00000000
7 18 8.48528137
9 18 8.60232527
10 18 8.94427191
953 18 9.48683298
8 18 10.00000000
954 18 10.29563014
6 18 10.44030651
5 18 11.18033989
22 18 11.31370850
23 18 12.20655562
24 18 12.52996409
25 18 13.00000000
13 18 14.31782106
952 18 14.31782106
12 18 15.81138830
3 18 17.11724277
11 18 17.46424920
4 18 18.02775638
29 18 19.64688270
2 18 22.02271555
0 18 23.02172887
27 18 23.76972865
26 18 24.33105012
1 18 25.01999201
30 18 25.07987241
61 18 27.01851217
60 18 28.01785145
62 18 29.01723626
59 18 31.01612484
866 18 37.05401463
856 18 37.33630941
857 18 41.43669871
865 18 48.00000000
859 18 48.66210024
186 18 60.01666435
101 18 69.02897942
20 19 4.12310563
32 19 5.00000000
31 19 7.07106781
33 19 9.21954446
29 19 9.48683298
28 19 10.77032961
30 19 10.81665383
26 19 11.31370850
27 19 12.20655562
19 20 4.12310563
25 20 5.83095189
29 20 6.40312424
21 20 7.00000000
24 20 7.21110255
32 20 7.21110255
28 20 7.81024968
31 20 8.54400375
23 20 8.60232527
26 20 9.84885780
27 20 10.00000000
30 20 10.19803903
33 20 10.19803903
22 20 10.63014581
954 20 13.45362405
953 20 15.00000000
5 20 20.24845673
6 20 20.59126028
10 20 20.61552813
9 20 21.18962010
7 20 21.84032967
8 20 23.76972865
13 20 28.63564213
12 20 30.41381265
11 20 32.24903099
25 21 6.40312424
24 21 6.70820393
20 21 7.00000000
23 21 7.28010989
18 21 8.00000000
22 21 8.00000000
954 21 9.48683298
953 21 10.29563014
29 21 12.08304597
955 21 14.31782106
10 21 14.42220510
9 21 14.76482306
5 21 14.86606875
6 21 14.86606875
7 21 15.23154621
27 21 16.15549442
26 21 16.49242250
8 21 17.08800749
30 21 17.11724277
3 21 19.72308292
13 21 21.84032967
12 21 23.53720459
11 21 25.31797780
856 21 37.12142239
866 21 37.48332963
857 21 41.04875150
858 21 44.04543109
865 21 48.66210024
99 21 68.24954212
23 22 2.23606798
954 22 3.16227766
24 22 3.60555128
25 22 5.00000000
953 22 5.09901951
955 22 6.70820393
21 22 8.00000000
34 22 9.00000000
20 22 10.63014581
6 22 11.18033989
18 22 11.31370850
10 22 12.00000000
9 22 13.03840481
7 22 14.14213562
17 22 17.00000000
32 22 17.69180601
61 22 21.02379604
60 22 21.93171220
62 22 22.84731932
59 22 24.69817807
11 22 25.31797780
15 22 25.94224354
16 22 26.00000000
14 22 26.24880950
856 22 29.15475947
866 22 29.61418579
857 22 33.06055051
858 22 36.05551275
95 22 55.97320788
96 22 56.61271942
98 22 57.72347876
99 22 60.41522987
24 23 1.41421356
22 23 2.23606798
954 23 5.38516481
21 23 7.28010989
953 23 7.28010989
20 23 8.60232527
18 23 12.20655562
6 23 13.34166406
10 23 14.03566885
9 23 15.00000000
7 23 16.03121954
17 23 18.38477631
12 23 25.07987241
11 23 27.16615541
16 23 27.51363298
14 23 27.89265136
23 24 1.41421356
25 24 1.41421356
22 24 3.60555128
21 24 6.70820393
954 24 6.70820393
20 24 7.21110255
953 24 8.54400375
18 24 12.52996409
6 24 14.56021978
10 24 15.13274595
9 24 16.03121954
7 24 17.00000000
17 24 18.97366596
12 24 26.01922366
11 24 28.07133770
16 24 28.16025568
14 24 28.63564213
24 25 1.41421356
22 25 5.00000000
20 25 5.83095189
21 25 6.40312424
29 25 7.00000000
954 25 8.06225775
953 25 9.84885780
26 25 12.04159458
32 25 12.72792206
18 25 13.00000000
30 25 13.34166406
31 25 13.60147051
33 25 14.76482306
5 25 15.23154621
6 25 15.81138830
10 25 16.27882060
9 25 17.11724277
7 25 18.02775638
17 25 19.64688270
8 25 20.02498439
13 25 25.01999201
12 25 27.00000000
16 25 28.86173938
11 25 29.01723626
14 25 29.42787794
27 26 2.23606798
30 26 2.23606798
28 26 4.47213595
29 26 5.09901951
33 26 6.08276253
31 26 7.07106781
32 26 8.54400375
20 26 9.84885780
19 26 11.31370850
25 26 12.04159458
21 26 16.49242250
18 26 24.33105012
7 26 30.06659276
17 26 31.25699922
8 26 32.06243908
13 26 37.05401463
12 26 39.01281841
11 26 41.00000000
14 26 41.19465985
26 27 2.23606798
28 27 3.00000000
29 27 4.12310563
33 27 8.24621125
31 27 9.00000000
20 27 10.00000000
32 27 10.19803903
19 27 12.20655562
21 27 16.15549442
18 27 23.76972865
29 28 1.41421356
27 28 3.00000000
26 28 4.47213595
30 28 6.40312424
20 28 7.81024968
33 28 9.43398113
31 28 9.48683298
32 28 10.04987562
19 28 10.77032961
28 29 1.41421356
27 29 4.12310563
26 29 5.09901951
20 29 6.40312424
30 29 6.70820393
25 29 7.00000000
31 29 8.94427191
32 29 9.21954446
33 29 9.21954446
19 29 9.48683298
21 29 12.08304597
18 29 19.64688270
17 29 26.47640459
11 29 36.01388621
14 29 36.34556369
26 30 2.23606798
33 30 4.00000000
31 30 5.38516481
28 30 6.40312424
29 30 6.70820393
32 30 7.21110255
20 30 10.19803903
19 30 10.81665383
25 30 13.34166406
21 30 17.11724277
18 30 25.07987241
10 30 29.61418579
9 30 30.41381265
7 30 31.25699922
17 30 32.06243908
8 30 33.24154028
13 30 38.20994635
12 30 40.11234224
11 30 42.04759208
14 30 42.04759208
32 31 2.23606798
33 31 2.23606798
30 31 5.38516481
19 31 7.07106781
26 31 7.07106781
20 31 8.54400375
29 31 8.94427191
27 31 9.00000000
28 31 9.48683298
25 31 13.60147051
954 31 21.63330765
953 31 23.32380758
5 31 28.65309756
6 31 29.06888371
10 31 29.15475947
31 32 2.23606798
19 32 5.00000000
20 32 7.21110255
30 32 7.21110255
26 32 8.54400375
29 32 9.21954446
28 32 10.04987562
27 32 10.19803903
25 32 12.72792206
22 32 17.69180601
954 32 20.61552813
953 32 22.20360331
31 33 2.23606798
30 33 4.00000000
26 33 6.08276253
27 33 8.24621125
19 33 9.21954446
29 33 9.21954446
28 33 9.43398113
20 33 10.19803903
25 33 14.76482306
953 33 24.59674775
5 33 29.96664813
6 33 30.46309242
10 33 30.67572330
9 33 31.32091953
7 33 32.01562119
8 33 33.95585369
13 33 38.83297568
35 34 1.41421356
955 34 4.24264069
952 34 5.83095189
37 34 8.24621125
954 34 8.54400375
22 34 9.00000000
4 34 9.05538514
3 34 10.00000000
2 34 10.29563014
0 34 10.81665383
1 34 12.04159458
61 34 13.45362405
40 34 14.14213562
60 34 14.21267040
62 34 15.00000000
59 34 16.64331698
856 34 20.22374842
866 34 20.88061302
857 34 24.08318916
858 34 27.07397274
859 34 31.00000000
186 34 42.10700654
95 34 47.53945730
96 34 48.10405388
93 34 50.24937811
179 34 54.08326913
180 34 55.08175742
181 34 56.08029957
167 34 60.00833275
166 34 62.03224968
161 34 69.06518660
34 35 1.41421356
36 35 1.41421356
37 35 7.07106781
952 35 7.21110255
4 35 10.00000000
2 35 10.77032961
3 35 11.04536102
0 35 11.18033989
1 35 12.20655562
5 35 13.03840481
40 35 13.03840481
61 35 13.45362405
60 35 14.14213562
62 35 14.86606875
59 35 16.40121947
856 35 19.41648784
866 35 20.24845673
857 35 23.19482701
858 35 26.17250466
859 35 30.01666204
860 35 32.01562119
186 35 41.04875150
95 35 47.01063709
96 35 47.53945730
93 35 49.92995093
92 35 52.20153254
179 35 53.03772242
180 35 54.03702434
181 35 55.03635162
169 35 58.00862005
167 35 59.00000000
166 35 61.00819617
161 35 68.02940541
35 36 1.41421356
37 36 6.00000000
952 36 8.60232527
4 36 11.04536102
2 36 11.40175425
0 36 11.70469991
3 36 12.16552506
1 36 12.52996409
61 36 13.60147051
60 36 14.21267040
5 36 14.42220510
62 36 14.86606875
6 36 15.81138830
59 36 16.27882060
856 36 18.68154169
866 36 19.69771560
857 36 22.36067977
858 36 25.31797780
859 36 29.06888371
860 36 31.06444913
95 36 46.51881340
93 36 49.64876635
956 36 50.99019514
92 36 52.00961450
91 36 54.56189146
90 36 54.67174773
168 36 56.08029957
169 36 57.03507693
167 36 58.00862005
36 37 6.00000000
40 37 6.00000000
35 37 7.07106781
34 37 8.24621125
1 37 11.00000000
0 37 11.18033989
61 37 11.18033989
2 37 11.40175425
60 37 11.40175425
62 37 11.70469991
955 37 12.08304597
59 37 12.52996409
856 37 13.00000000
4 37 13.03840481
952 37 13.03840481
58 37 13.89244399
3 37 14.42220510
866 37 14.42220510
57 37 15.26433752
857 37 16.49242250
954 37 16.76305461
5 37 18.43908891
56 37 18.86796226
858 37 19.41648784
10 37 22.02271555
859 37 23.08679276
860 37 25.07987241
17 37 30.23243292
55 37 37.44329045
54 37 40.80441153
53 37 42.20189569
957 37 44.04543109
93 37 44.82186966
956 37 46.69047012
958 37 47.20169488
92 37 47.42362281
168 37 50.08991915
90 37 50.20956084
91 37 50.20956084
169 37 51.03920062
167 37 52.00961450
39 38 1.00000000
40 38 1.41421356
856 38 7.81024968
857 38 10.29563014
866 38 10.29563014
59 38 12.04159458
62 38 12.36931688
60 38 12.64911064
58 38 13.00000000
61 38 13.00000000
858 38 13.00000000
1 38 13.89244399
57 38 14.03566885
0 38 15.00000000
2 38 15.62049935
63 38 16.12451550
859 38 16.27882060
56 38 17.26267650
860 38 18.24828759
67 38 29.83286778
68 38 32.98484500
69 38 33.24154028
55 38 34.92849839
54 38 38.01315562
53 38 39.35733731
184 38 40.31128874
183 38 41.30375286
182 38 42.29657197
72 38 42.94182111
168 38 43.18564576
169 38 44.10215414
958 38 44.29446918
167 38 45.04442252
166 38 47.01063709
165 38 49.01020302
38 39 1.00000000
40 39 2.23606798
44 39 5.00000000
856 39 7.21110255
857 39 9.43398113
866 39 9.84885780
858 39 12.08304597
59 39 12.16552506
62 39 12.64911064
60 39 13.00000000
58 39 13.03840481
61 39 13.41640786
57 39 14.00000000
1 39 14.42220510
859 39 15.29705854
0 39 15.62049935
63 39 16.03121954
2 39 16.27882060
56 39 17.11724277
860 39 17.26267650
4 39 19.20937271
5 39 25.55386468
64 39 29.27456234
67 39 29.61418579
68 39 32.75667871
69 39 32.98484500
55 39 34.53983208
17 39 37.58989226
184 39 39.31920650
183 39 40.31128874
182 39 41.30375286
168 39 42.19004622
169 39 43.10452412
167 39 44.04543109
166 39 46.01086828
165 39 48.01041554
38 40 1.41421356
39 40 2.23606798
37 40 6.00000000
44 40 7.07106781
856 40 7.81024968
866 40 10.00000000
857 40 10.77032961
59 40 11.00000000
62 40 11.18033989
60 40 11.40175425
61 40 11.70469991
58 40 12.04159458
1 40 12.52996409
35 40 13.03840481
57 40 13.15294644
0 40 13.60147051
858 40 13.60147051
34 40 14.14213562
2 40 14.21267040
63 40 15.29705854
56 40 16.49242250
4 40 17.02938637
859 40 17.11724277
955 40 17.72004515
952 40 18.38477631
860 40 19.10497317
954 40 22.56102835
5 40 23.32380758
186 40 28.01785145
67 40 29.12043956
68 40 32.28002478
69 40 32.57299495
55 40 34.43835072
17 40 35.35533906
54 40 37.58989226
53 40 38.94868419
179 40 40.01249805
957 40 40.49691346
180 40 41.01219331
184 40 41.19465985
181 40 42.01190308
183 40 42.19004622
72 40 42.54409477
182 40 43.18564576
958 40 43.90899680
168 40 44.10215414
169 40 45.04442252
167 40 46.01086828
166 40 48.00000000
161 40 55.00909016
44 41 1.41421356
43 41 2.23606798
857 41 6.32455532
856 41 7.28010989
858 41 7.81024968
50 41 9.84885780
859 41 9.84885780
860 41 11.70469991
59 41 15.26433752
58 41 15.65247584
45 41 16.15549442
57 41 16.15549442
62 41 16.40121947
60 41 17.02938637
61 41 17.69180601
63 41 17.72004515
52 41 18.11077028
186 41 20.02498439
185 41 23.08679276
184 41 33.54101966
183 41 34.52535300
182 41 35.51056181
168 41 36.34556369
169 41 37.21558813
167 41 38.11823711
43 42 1.41421356
51 42 1.41421356
50 42 6.32455532
857 42 8.06225775
858 42 8.24621125
859 42 8.48528137
860 42 10.00000000
856 42 10.29563014
861 42 12.20655562
52 42 15.00000000
186 42 17.26267650
59 42 18.60107524
58 42 18.86796226
62 42 19.84943324
60 42 20.51828453
185 42 21.02379604
97 42 21.95449840
184 42 31.04834939
101 42 31.38470965
183 42 32.01562119
182 42 32.98484500
168 42 33.73425559
42 43 1.41421356
41 43 2.23606798
44 43 3.60555128
857 43 7.00000000
50 43 7.61577311
858 43 7.61577311
859 43 8.60232527
856 43 8.94427191
860 43 10.29563014
861 43 12.52996409
45 43 13.92838828
52 43 16.03121954
59 43 17.20465053
58 43 17.49285568
186 43 18.11077028
62 43 18.43908891
60 43 19.10497317
61 43 19.79898987
1 43 21.26029163
185 43 21.54065923
97 43 22.36067977
0 43 22.80350850
2 43 23.60084744
101 43 31.76476035
184 43 31.78049716
183 43 32.75667871
182 43 33.73425559
168 43 34.52535300
169 43 35.35533906
41 44 1.41421356
43 44 3.60555128
39 44 5.00000000
857 44 5.83095189
856 44 6.08276253
40 44 7.07106781
858 44 7.81024968
859 44 10.44030651
50 44 11.18033989
860 44 12.36931688
59 44 13.89244399
58 44 14.31782106
57 44 14.86606875
62 44 15.00000000
60 44 15.62049935
61 44 16.27882060
63 44 16.49242250
56 44 17.26267650
45 44 17.46424920
1 44 17.69180601
0 44 19.20937271
52 44 19.23538406
2 44 20.00000000
186 44 21.00000000
4 44 23.32380758
955 44 24.73863375
952 44 25.29822128
954 44 29.61418579
5 44 29.96664813
184 44 34.36568055
183 44 35.35533906
182 44 36.34556369
168 44 37.21558813
169 44 38.11823711
167 44 39.05124838
166 44 41.01219331
17 44 42.04759208
165 44 43.01162634
46 45 1.41421356
48 45 3.60555128
52 45 5.00000000
49 45 5.09901951
50 45 6.32455532
186 45 8.60232527
860 45 10.77032961
861 45 11.18033989
859 45 11.66190379
862 45 12.16552506
43 45 13.92838828
185 45 14.76482306
858 45 15.62049935
863 45 16.12451550
41 45 16.15549442
97 45 16.55294536
44 45 17.46424920
857 45 17.69180601
864 45 18.11077028
856 45 21.40093456
98 45 26.00000000
96 45 28.16025568
95 45 28.86173938
62 45 31.40063694
60 45 32.20248438
61 45 33.01514804
1 45 34.66987165
0 45 36.35931793
93 45 36.49657518
2 45 37.21558813
92 45 40.44749683
4 45 40.70626487
957 45 42.01190308
956 45 42.10700654
53 45 42.19004622
71 45 44.10215414
91 45 44.40720662
72 45 45.04442252
5 45 47.42362281
88 45 48.37354649
87 45 52.34500931
86 45 56.32051136
17 45 59.50630219
45 46 1.41421356
47 46 1.41421356
48 46 2.23606798
49 46 4.47213595
50 46 5.83095189
52 46 6.40312424
186 46 10.00000000
860 46 11.40175425
861 46 12.04159458
859 46 12.08304597
862 46 13.03840481
858 46 15.81138830
185 46 16.12451550
863 46 17.02938637
857 46 17.69180601
97 46 17.88854382
864 46 19.02629759
856 46 21.26029163
98 46 27.31300057
96 46 29.41088234
95 46 30.08321791
62 46 31.24099870
60 46 32.01562119
61 46 32.80243893
1 46 34.40930107
0 46 36.05551275
2 46 36.89173349
93 46 37.65634077
92 46 41.59326869
957 46 43.00000000
956 46 43.18564576
71 46 45.04442252
91 46 45.54119015
72 46 46.01086828
88 46 49.49747468
87 46 53.46026562
86 46 57.42821606
48 47 1.00000000
46 47 1.41421356
49 47 4.24264069
52 47 7.81024968
186 47 11.40175425
860 47 12.16552506
859 47 12.64911064
861 47 13.00000000
858 47 16.12451550
185 47 17.49285568
857 47 17.80449381
97 47 19.23538406
98 47 28.63564213
96 47 30.67572330
95 47 31.32091953
93 47 38.83297568
92 47 42.75511665
957 47 44.01136217
956 47 44.28317965
91 47 46.69047012
958 47 48.01041554
88 47 50.63595560
87 47 54.58937626
70 47 57.00877125
86 47 58.54912467
47 48 1.00000000
46 48 2.23606798
45 48 3.60555128
49 48 3.60555128
52 48 8.48528137
186 48 12.04159458
860 48 12.04159458
859 48 12.36931688
861 48 13.03840481
858 48 15.65247584
185 48 18.02775638
97 48 19.72308292
98 48 29.06888371
96 48 31.01612484
95 48 31.62277660
93 48 39.05124838
92 48 42.95346319
956 48 44.40720662
91 48 46.87216658
88 48 50.80354318
87 48 54.74486277
86 48 58.69412236
50 49 1.41421356
48 49 3.60555128
47 49 4.24264069
46 49 4.47213595
45 49 5.09901951
52 49 8.54400375
859 49 9.05538514
860 49 9.05538514
861 49 10.44030651
186 49 11.66190379
858 49 12.08304597
857 49 13.60147051
185 49 16.97056275
97 49 18.43908891
98 49 27.45906044
99 49 28.42534081
96 49 29.06888371
95 49 29.54657341
93 49 36.68787266
49 50 1.41421356
51 50 5.09901951
46 50 5.83095189
42 50 6.32455532
45 50 6.32455532
43 50 7.61577311
859 50 8.00000000
860 50 8.24621125
52 50 9.21954446
41 50 9.84885780
861 50 9.84885780
858 50 10.77032961
44 50 11.18033989
186 50 12.08304597
857 50 12.20655562
856 50 15.55634919
185 50 17.02938637
97 50 18.38477631
62 50 25.49509757
60 50 26.24880950
61 50 27.01851217
98 50 27.20294102
99 50 28.31960452
1 50 28.60069929
96 50 28.65309756
95 50 29.06888371
0 50 30.23243292
2 50 31.06444913
4 50 34.48187930
42 51 1.41421356
50 51 5.09901951
859 51 8.60232527
858 51 9.05538514
857 51 9.21954446
860 51 9.89949494
856 51 11.66190379
861 51 12.04159458
52 51 14.03566885
186 51 16.49242250
59 51 20.00000000
58 51 20.24845673
185 51 20.59126028
62 51 21.26029163
97 51 21.63330765
60 51 21.93171220
184 51 30.36445290
99 51 31.24099870
183 51 31.32091953
182 51 32.28002478
186 52 3.60555128
45 52 5.00000000
46 52 6.40312424
47 52 7.81024968
48 52 8.48528137
49 52 8.54400375
861 52 8.60232527
50 52 9.21954446
860 52 9.21954446
862 52 9.43398113
185 52 9.84885780
859 52 10.81665383
97 52 11.70469991
863 52 13.00000000
51 52 14.03566885
864 52 14.86606875
42 52 15.00000000
858 52 15.26433752
43 52 16.03121954
857 52 17.88854382
41 52 18.11077028
44 52 19.23538406
98 52 21.18962010
856 52 21.93171220
96 52 23.53720459
95 52 24.33105012
93 52 32.14031736
92 52 36.12478374
55 52 36.68787266
0 52 37.16180835
54 52 37.85498646
956 52 38.00000000
2 52 38.07886553
957 52 38.20994635
53 52 38.63935817
91 52 40.11234224
71 52 40.44749683
72 52 41.30375286
4 52 41.78516483
955 52 43.93176527
88 52 44.10215414
952 52 44.38468204
87 52 48.09365863
5 52 48.70318265
954 52 48.83646179
86 52 52.08646657
54 53 1.41421356
71 53 2.23606798
957 53 3.00000000
72 53 3.60555128
958 53 5.00000000
92 53 10.19803903
93 53 11.66190379
94 53 12.04159458
86 53 17.20465053
95 53 17.80449381
98 53 22.80350850
56 53 23.43074903
864 53 24.08318916
865 53 24.08318916
57 53 27.01851217
866 53 29.06888371
97 53 29.15475947
185 53 31.01612484
186 53 36.13862200
52 53 38.63935817
40 53 38.94868419
38 53 39.35733731
45 53 42.19004622
37 53 42.20189569
53 54 1.41421356
55 54 3.60555128
957 54 4.12310563
956 54 8.06225775
92 54 11.04536102
93 54 12.08304597
94 54 13.00000000
95 54 17.69180601
66 54 17.80449381
56 54 22.02271555
98 54 22.67156810
865 54 23.02172887
864 54 23.19482701
57 54 25.61249695
866 54 27.73084925
97 54 28.63564213
185 54 30.46309242
186 54 35.44009029
40 54 37.58989226
52 54 37.85498646
38 54 38.01315562
37 54 40.80441153
54 55 3.60555128
69 55 5.00000000
67 55 7.61577311
957 55 7.61577311
956 55 11.40175425
92 55 14.03566885
66 55 14.21267040
93 55 14.31782106
90 55 15.52417470
94 55 16.12451550
56 55 18.60107524
95 55 18.60107524
96 55 20.00000000
865 55 21.09502311
864 55 21.84032967
57 55 22.20360331
98 55 23.43074903
866 55 24.69817807
97 55 28.30194340
185 55 30.01666204
100 55 31.89043744
40 55 34.43835072
39 55 34.53983208
186 55 34.53983208
38 55 34.92849839
52 55 36.68787266
37 55 37.44329045
63 56 1.41421356
57 56 3.60555128
66 56 6.00000000
866 56 8.24621125
856 56 11.18033989
64 56 12.16552506
67 56 12.64911064
865 56 14.31782106
69 56 16.15549442
40 56 16.49242250
39 56 17.11724277
38 56 17.26267650
44 56 17.26267650
864 56 18.02775638
55 56 18.60107524
37 56 18.86796226
54 56 22.02271555
53 56 23.43074903
957 56 25.45584412
95 56 26.30589288
96 56 27.16615541
97 56 27.51363298
93 56 27.73084925
956 56 28.42534081
98 56 29.00000000
92 56 29.68164416
91 56 32.01562119
99 56 32.01562119
90 56 32.20248438
101 56 34.23448554
100 56 35.51056181
58 57 1.41421356
63 57 2.23606798
56 57 3.60555128
866 57 6.40312424
856 57 8.94427191
40 57 13.15294644
39 57 14.00000000
38 57 14.03566885
44 57 14.86606875
37 57 15.26433752
865 57 15.29705854
41 57 16.15549442
864 57 19.23538406
55 57 22.20360331
54 57 25.61249695
53 57 27.01851217
95 57 28.86173938
957 57 29.00000000
96 57 29.61418579
93 57 30.88689042
98 57 31.14482300
956 57 31.89043744
92 57 33.01514804
99 57 34.05877273
91 57 35.46829570
90 57 35.60898763
101 57 36.01388621
100 57 37.12142239
57 58 1.41421356
59 58 1.41421356
866 58 6.40312424
856 58 8.60232527
40 58 12.04159458
38 58 13.00000000
39 58 13.03840481
37 58 13.89244399
44 58 14.31782106
41 58 15.65247584
865 58 16.12451550
43 58 17.49285568
42 58 18.86796226
864 58 20.09975124
51 58 20.24845673
95 58 30.08321791
96 58 30.80584360
93 58 32.24903099
98 58 32.24903099
956 58 33.30165161
92 58 34.40930107
99 58 35.12833614
91 58 36.87817783
101 58 37.00000000
90 58 37.01351105
100 58 38.05259518
58 59 1.41421356
62 59 2.00000000
866 59 6.70820393
856 59 8.48528137
40 59 11.00000000
38 59 12.04159458
39 59 12.16552506
37 59 12.52996409
44 59 13.89244399
41 59 15.26433752
36 59 16.27882060
35 59 16.40121947
34 59 16.64331698
865 59 17.02938637
43 59 17.20465053
952 59 17.46424920
955 59 18.02775638
42 59 18.60107524
51 59 20.00000000
864 59 21.02379604
953 59 22.36067977
22 59 24.69817807
18 59 31.01612484
95 59 31.32091953
96 59 32.01562119
98 59 33.37663854
93 59 33.61547263
956 59 34.71310992
92 59 35.80502758
99 59 36.22154055
101 59 38.01315562
91 59 38.28837944
90 59 38.41874542
100 59 39.01281841
61 60 1.00000000
62 60 1.00000000
866 60 9.48683298
856 60 10.81665383
37 60 11.40175425
40 60 11.40175425
38 60 12.64911064
39 60 13.00000000
35 60 14.14213562
34 60 14.21267040
36 60 14.21267040
952 60 14.56021978
955 60 15.23154621
44 60 15.62049935
41 60 17.02938637
43 60 19.10497317
953 60 19.41648784
865 60 20.02498439
42 60 20.51828453
22 60 21.93171220
51 60 21.93171220
864 60 24.02082430
50 60 26.24880950
18 60 28.01785145
46 60 32.01562119
45 60 32.20248438
100 60 42.01190308
60 61 1.00000000
1 61 2.00000000
866 61 10.44030651
37 61 11.18033989
856 61 11.66190379
40 61 11.70469991
38 61 13.00000000
39 61 13.41640786
34 61 13.45362405
35 61 13.45362405
36 61 13.60147051
952 61 13.60147051
955 61 14.31782106
44 61 16.27882060
41 61 17.69180601
953 61 18.43908891
43 61 19.79898987
22 61 21.02379604
865 61 21.02379604
864 61 25.01999201
18 61 27.01851217
50 61 27.01851217
46 61 32.80243893
45 61 33.01514804
100 61 43.01162634
60 62 1.00000000
59 62 2.00000000
866 62 8.54400375
856 62 10.00000000
40 62 11.18033989
37 62 11.70469991
38 62 12.36931688
39 62 12.64911064
35 62 14.86606875
36 62 14.86606875
34 62 15.00000000
44 62 15.00000000
952 62 15.52417470
955 62 16.15549442
41 62 16.40121947
43 62 18.43908891
865 62 19.02629759
42 62 19.84943324
953 62 20.39607805
51 62 21.26029163
22 62 22.84731932
864 62 23.02172887
50 62 25.49509757
18 62 29.01723626
46 62 31.24099870
45 62 31.40063694
100 62 41.01219331
56 63 1.41421356
57 63 2.23606798
866 63 7.61577311
856 63 10.44030651
865 63 14.86606875
40 63 15.29705854
39 63 16.03121954
38 63 16.12451550
44 63 16.49242250
41 63 17.72004515
864 63 18.68154169
95 63 27.45906044
96 63 28.28427125
93 63 29.06888371
956 63 29.83286778
98 63 30.01666204
92 63 31.06444913
99 63 33.00000000
91 63 33.42154993
90 63 33.60059523
101 63 35.12833614
100 63 36.34556369
67 64 2.00000000
65 64 2.23606798
66 64 6.32455532
56 64 12.16552506
866 64 20.00000000
865 64 21.09502311
864 64 23.43074903
95 64 25.29822128
96 64 26.57066051
39 64 29.27456234
98 64 29.54657341
97 64 31.89043744
185 64 33.24154028
101 64 35.77708764
100 64 37.58989226
64 65 2.23606798
66 65 7.00000000
866 65 21.09502311
865 65 23.02172887
856 65 24.08318916
864 65 25.49509757
97 65 34.05877273
185 65 35.38361203
100 65 39.82461550
56 66 6.00000000
64 66 6.32455532
65 66 7.00000000
67 66 7.21110255
866 66 14.14213562
55 66 14.21267040
856 66 17.11724277
865 66 17.69180601
54 66 17.80449381
864 66 20.80865205
957 66 21.63330765
956 66 25.05992817
93 66 25.70992026
95 66 26.07680962
92 66 26.92582404
96 66 27.16615541
90 66 29.06888371
94 66 29.15475947
98 66 29.61418579
97 66 30.01666204
185 66 31.06444913
99 66 32.75667871
101 66 35.44009029
100 66 37.00000000
64 67 2.00000000
68 67 3.16227766
69 67 3.60555128
66 67 7.21110255
55 67 7.61577311
56 67 12.64911064
956 67 18.97366596
866 67 20.09975124
865 67 20.12461180
93 67 21.00000000
92 67 21.37755833
864 67 22.20360331
90 67 23.08679276
95 67 23.40939982
94 67 23.53720459
96 67 24.69817807
98 67 27.73084925
40 67 29.12043956
39 67 29.61418579
38 67 29.83286778
97 67 30.41381265
185 67 31.82766093
101 67 34.00000000
100 67 35.84689666
69 68 1.00000000
67 68 3.16227766
93 68 20.22374842
865 68 22.47220505
866 68 23.19482701
95 68 23.70653918
864 68 24.18677324
96 68 25.05992817
98 68 28.30194340
97 68 31.89043744
40 68 32.28002478
39 68 32.75667871
38 68 32.98484500
185 68 33.42154993
101 68 34.66987165
100 68 36.61966685
186 68 37.21558813
68 69 1.00000000
67 69 3.60555128
55 69 5.00000000
56 69 16.15549442
93 69 19.23538406
865 69 22.13594362
95 69 22.82542442
866 69 23.34523506
864 69 23.70653918
96 69 24.18677324
98 69 27.45906044
97 69 31.24099870
40 69 32.57299495
185 69 32.80243893
39 69 32.98484500
38 69 33.24154028
101 69 33.83784863
100 69 35.80502758
186 69 36.71511950
86 70 7.07106781
87 70 7.61577311
85 70 8.94427191
73 70 9.00000000
958 70 9.00000000
75 70 9.21954446
959 70 9.84885780
88 70 9.89949494
72 70 10.04987562
89 70 10.81665383
77 70 11.18033989
74 70 12.36931688
76 70 12.52996409
91 70 13.03840481
78 70 14.42220510
79 70 15.81138830
92 70 16.55294536
81 70 17.20465053
80 70 17.69180601
864 70 37.01351105
863 70 39.01281841
862 70 43.01162634
861 70 44.01136217
47 70 57.00877125
72 71 1.41421356
53 71 2.23606798
957 71 2.82842712
95 71 18.86796226
864 71 26.01922366
865 71 26.17250466
97 71 30.67572330
185 71 32.57299495
186 71 37.85498646
52 71 40.44749683
45 71 44.10215414
46 71 45.04442252
71 72 1.41421356
958 72 1.41421356
957 72 3.16227766
53 72 3.60555128
70 72 10.04987562
86 72 13.60147051
78 72 22.20360331
74 72 22.36067977
80 72 26.07680962
864 72 27.00000000
865 72 27.29468813
97 72 31.32091953
866 72 32.64965543
185 72 33.24154028
186 72 38.63935817
52 72 41.30375286
40 72 42.54409477
38 72 42.94182111
45 72 45.04442252
46 72 46.01086828
74 73 4.24264069
70 73 9.00000000
86 73 10.63014581
77 73 10.77032961
75 73 11.40175425
76 73 11.40175425
78 73 12.04159458
79 73 13.00000000
80 73 13.34166406
87 73 13.89244399
81 73 14.03566885
84 73 17.26267650
88 73 17.46424920
959 73 18.43908891
91 73 21.18962010
103 73 23.19482701
92 73 25.00000000
93 73 28.86173938
73 74 4.24264069
78 74 9.84885780
77 74 9.89949494
76 74 10.00000000
80 74 10.00000000
79 74 10.44030651
81 74 11.18033989
75 74 11.66190379
86 74 11.70469991
70 74 12.36931688
82 74 13.15294644
83 74 14.14213562
87 74 15.52417470
88 74 19.41648784
102 74 20.09975124
959 74 21.02379604
958 74 21.21320344
72 74 22.36067977
91 74 23.34523506
92 74 27.29468813
93 74 31.25699922
95 74 39.31920650
865 74 49.64876635
97 74 52.23983155
185 74 54.23098745
186 74 60.07495318
86 75 2.23606798
77 75 3.16227766
70 75 9.21954446
73 75 11.40175425
74 75 11.66190379
77 76 1.41421356
78 76 2.23606798
80 76 6.32455532
74 76 10.00000000
73 76 11.40175425
70 76 12.52996409
76 77 1.41421356
75 77 3.16227766
78 77 3.60555128
86 77 5.00000000
80 77 7.61577311
74 77 9.89949494
73 77 10.77032961
70 77 11.18033989
79 78 1.41421356
76 78 2.23606798
77 78 3.60555128
80 78 4.12310563
86 78 8.60232527
74 78 9.84885780
73 78 12.04159458
70 78 14.42220510
72 78 22.20360331
78 79 1.41421356
81 79 1.41421356
80 79 3.00000000
74 79 10.44030651
73 79 13.00000000
70 79 15.81138830
81 80 2.23606798
79 80 3.00000000
82 80 3.60555128
84 80 4.00000000
78 80 4.12310563
83 80 4.47213595
76 80 6.32455532
77 80 7.61577311
74 80 10.00000000
102 80 10.19803903
86 80 12.52996409
73 80 13.34166406
70 80 17.69180601
958 80 24.69817807
72 80 26.07680962
79 81 1.41421356
82 81 2.00000000
80 81 2.23606798
84 81 3.60555128
103 81 9.21954446
74 81 11.18033989
73 81 14.03566885
70 81 17.20465053
83 82 1.00000000
81 82 2.00000000
84 82 2.23606798
80 82 3.60555128
103 82 7.28010989
74 82 13.15294644
82 83 1.00000000
84 83 2.00000000
80 83 4.47213595
102 83 6.00000000
103 83 6.32455532
74 83 14.14213562
83 84 2.00000000
82 84 2.23606798
81 84 3.60555128
80 84 4.00000000
103 84 6.00000000
102 84 6.32455532
73 84 17.26267650
87 85 1.41421356
89 85 2.23606798
88 85 3.16227766
959 85 6.40312424
70 85 8.94427191
958 85 9.43398113
956 85 9.84885780
865 85 35.46829570
75 86 2.23606798
87 86 4.00000000
77 86 5.00000000
70 86 7.07106781
78 86 8.60232527
959 86 10.44030651
73 86 10.63014581
74 86 11.70469991
958 86 12.20655562
80 86 12.52996409
72 86 13.60147051
956 86 14.31782106
53 86 17.20465053
864 86 38.83297568
863 86 40.79215611
862 86 44.72135955
861 86 45.70557953
186 86 49.01020302
52 86 52.08646657
45 86 56.32051136
46 86 57.42821606
47 86 58.54912467
48 86 58.69412236
85 87 1.41421356
89 87 3.60555128
86 87 4.00000000
88 87 4.00000000
959 87 6.70820393
70 87 7.61577311
958 87 9.21954446
956 87 10.44030651
73 87 13.89244399
74 87 15.52417470
864 87 34.92849839
863 87 36.87817783
862 87 40.79215611
861 87 41.77319715
186 87 45.01110974
52 87 48.09365863
45 87 52.34500931
46 87 53.46026562
47 87 54.58937626
48 87 54.74486277
89 88 2.23606798
85 88 3.16227766
959 88 3.60555128
87 88 4.00000000
91 88 4.00000000
956 88 6.70820393
958 88 7.28010989
70 88 9.89949494
73 88 17.46424920
74 88 19.41648784
864 88 31.04834939
865 88 32.31098884
863 88 32.98484500
862 88 36.87817783
861 88 37.85498646
186 88 41.01219331
52 88 44.10215414
45 88 48.37354649
46 88 49.49747468
47 88 50.63595560
48 88 50.80354318
85 89 2.23606798
88 89 2.23606798
87 89 3.60555128
958 89 9.48683298
70 89 10.81665383
91 90 1.41421356
94 90 2.23606798
92 90 3.16227766
956 90 4.12310563
959 90 5.00000000
55 90 15.52417470
67 90 23.08679276
864 90 26.57066051
865 90 28.17800561
66 90 29.06888371
56 90 32.20248438
63 90 33.60059523
57 90 35.60898763
866 90 36.12478374
58 90 37.01351105
59 90 38.41874542
37 90 50.20956084
36 90 54.67174773
90 91 1.41421356
94 91 3.60555128
956 91 3.60555128
959 91 3.60555128
88 91 4.00000000
92 91 4.00000000
70 91 13.03840481
73 91 21.18962010
74 91 23.34523506
864 91 27.20294102
865 91 28.63564213
863 91 29.12043956
56 91 32.01562119
862 91 32.98484500
63 91 33.42154993
861 91 33.95585369
57 91 35.46829570
866 91 36.23534186
58 91 36.87817783
186 91 37.01351105
59 91 38.28837944
52 91 40.11234224
45 91 44.40720662
46 91 45.54119015
47 91 46.69047012
48 91 46.87216658
37 91 50.20956084
36 91 54.56189146
94 92 2.23606798
90 92 3.16227766
956 92 3.60555128
91 92 4.00000000
93 92 4.00000000
959 92 6.70820393
957 92 7.28010989
53 92 10.19803903
54 92 11.04536102
55 92 14.03566885
70 92 16.55294536
67 92 21.37755833
864 92 23.40939982
73 92 25.00000000
865 92 25.05992817
863 92 25.29822128
66 92 26.92582404
74 92 27.29468813
862 92 29.12043956
56 92 29.68164416
861 92 30.08321791
63 92 31.06444913
57 92 33.01514804
186 92 33.01514804
866 92 33.24154028
58 92 34.40930107
59 92 35.80502758
52 92 36.12478374
45 92 40.44749683
46 92 41.59326869
47 92 42.75511665
48 92 42.95346319
37 92 47.42362281
36 92 52.00961450
35 92 52.20153254
92 93 4.00000000
956 93 6.70820393
95 93 8.06225775
957 93 9.21954446
959 93 10.44030651
53 93 11.66190379
54 93 12.08304597
55 93 14.31782106
69 93 19.23538406
864 93 19.69771560
68 93 20.22374842
67 93 21.00000000
97 93 21.02379604
863 93 21.54065923
865 93 21.63330765
185 93 23.02172887
862 93 25.29822128
66 93 25.70992026
861 93 26.24880950
56 93 27.73084925
73 93 28.86173938
186 93 29.01723626
63 93 29.06888371
866 93 30.47950131
57 93 30.88689042
74 93 31.25699922
52 93 32.14031736
58 93 32.24903099
59 93 33.61547263
45 93 36.49657518
49 93 36.68787266
46 93 37.65634077
47 93 38.83297568
48 93 39.05124838
37 93 44.82186966
36 93 49.64876635
35 93 49.92995093
34 93 50.24937811
90 94 2.23606798
92 94 2.23606798
91 94 3.60555128
956 94 5.09901951
959 94 7.07106781
957 94 9.05538514
53 94 12.04159458
54 94 13.00000000
55 94 16.12451550
67 94 23.53720459
66 94 29.15475947
96 95 1.41421356
98 95 5.00000000
93 95 8.06225775
97 95 13.00000000
864 95 13.45362405
956 95 14.56021978
863 95 15.00000000
957 95 16.12451550
865 95 16.40121947
54 95 17.69180601
53 95 17.80449381
862 95 18.35755975
959 95 18.43908891
55 95 18.60107524
71 95 18.86796226
861 95 19.23538406
186 95 21.09502311
69 95 22.82542442
67 95 23.40939982
68 95 23.70653918
52 95 24.33105012
64 95 25.29822128
66 95 26.07680962
56 95 26.30589288
866 95 26.83281573
63 95 27.45906044
45 95 28.86173938
57 95 28.86173938
50 95 29.06888371
49 95 29.54657341
46 95 30.08321791
58 95 30.08321791
47 95 31.32091953
59 95 31.32091953
48 95 31.62277660
74 95 39.31920650
36 95 46.51881340
35 95 47.01063709
34 95 47.53945730
955 95 49.33558553
22 95 55.97320788
95 96 1.41421356
98 96 3.60555128
97 96 12.04159458
864 96 13.45362405
863 96 14.86606875
865 96 16.64331698
862 96 18.02775638
861 96 18.86796226
55 96 20.00000000
186 96 20.22374842
52 96 23.53720459
69 96 24.18677324
67 96 24.69817807
68 96 25.05992817
64 96 26.57066051
56 96 27.16615541
66 96 27.16615541
866 96 27.31300057
45 96 28.16025568
63 96 28.28427125
50 96 28.65309756
49 96 29.06888371
46 96 29.41088234
57 96 29.61418579
47 96 30.67572330
58 96 30.80584360
48 96 31.01612484
59 96 32.01562119
35 96 47.53945730
34 96 48.10405388
955 96 50.00000000
22 96 56.61271942
185 97 2.00000000
186 97 8.24621125
863 97 9.05538514
101 97 9.43398113
98 97 9.48683298
100 97 9.48683298
862 97 9.48683298
864 97 9.48683298
861 97 9.84885780
99 97 10.00000000
52 97 11.70469991
96 97 12.04159458
860 97 12.08304597
95 97 13.00000000
45 97 16.55294536
46 97 17.88854382
50 97 18.38477631
49 97 18.43908891
47 97 19.23538406
48 97 19.72308292
93 97 21.02379604
51 97 21.63330765
42 97 21.95449840
43 97 22.36067977
956 97 27.29468813
56 97 27.51363298
957 97 28.16025568
55 97 28.30194340
54 97 28.63564213
53 97 29.15475947
66 97 30.01666204
67 97 30.41381265
71 97 30.67572330
69 97 31.24099870
959 97 31.25699922
72 97 31.32091953
64 97 31.89043744
68 97 31.89043744
65 97 34.05877273
74 97 52.23983155
99 98 3.16227766
96 98 3.60555128
95 98 5.00000000
101 98 6.40312424
100 98 8.48528137
97 98 9.48683298
864 98 13.41640786
863 98 14.42220510
862 98 16.97056275
865 98 17.08800749
861 98 17.69180601
52 98 21.18962010
54 98 22.67156810
53 98 22.80350850
55 98 23.43074903
45 98 26.00000000
50 98 27.20294102
46 98 27.31300057
49 98 27.45906044
69 98 27.45906044
67 98 27.73084925
866 98 28.16025568
68 98 28.30194340
47 98 28.63564213
56 98 29.00000000
48 98 29.06888371
64 98 29.54657341
66 98 29.61418579
63 98 30.01666204
57 98 31.14482300
58 98 32.24903099
59 98 33.37663854
952 98 50.80354318
955 98 51.19570294
953 98 55.73149917
22 98 57.72347876
98 99 3.16227766
101 99 3.60555128
100 99 5.83095189
97 99 10.00000000
864 99 15.81138830
863 99 16.55294536
862 99 18.60107524
861 99 19.20937271
865 99 19.64688270
50 99 28.31960452
49 99 28.42534081
866 99 30.80584360
51 99 31.24099870
56 99 32.01562119
66 99 32.75667871
63 99 33.00000000
57 99 34.05877273
58 99 35.12833614
59 99 36.22154055
952 99 53.60037313
955 99 53.93514624
953 99 58.54912467
22 99 60.41522987
21 99 68.24954212
101 100 2.23606798
99 100 5.83095189
98 100 8.48528137
97 100 9.48683298
864 100 18.00000000
863 100 18.11077028
55 100 31.89043744
56 100 35.51056181
69 100 35.80502758
67 100 35.84689666
63 100 36.34556369
68 100 36.61966685
66 100 37.00000000
57 100 37.12142239
64 100 37.58989226
58 100 38.05259518
59 100 39.01281841
65 100 39.82461550
62 100 41.01219331
60 100 42.01190308
61 100 43.01162634
1 100 45.01110974
0 100 47.01063709
2 100 48.01041554
4 100 52.00961450
100 101 2.23606798
99 101 3.60555128
