1 0 1.41421356
2 0 1.41421356
19 0 10.04987562
32 0 21.93171220
18 0 22.13594362
33 0 23.32380758
16 0 23.76972865
34 0 24.69817807
15 0 25.49509757
35 0 26.07680962
1039 0 28.28427125
36 0 28.60069929
38 0 30.41381265
0 1 1.41421356
21 1 1.41421356
2 1 2.00000000
19 1 9.00000000
32 1 20.61552813
18 1 20.88061302
33 1 21.95449840
16 1 22.56102835
34 1 23.32380758
15 1 24.33105012
35 1 24.69817807
1039 1 27.16615541
36 1 27.20294102
38 1 29.00000000
1038 1 33.01514804
0 2 1.41421356
1 2 2.00000000
21 2 3.16227766
20 2 8.54400375
19 2 9.21954446
23 2 9.84885780
24 2 12.52996409
26 2 13.89244399
27 2 15.81138830
28 2 17.20465053
29 2 18.60107524
32 2 21.47091055
18 2 21.54065923
33 2 23.02172887
16 2 23.08679276
34 2 24.41311123
15 2 24.73863375
35 2 25.80697580
36 2 28.42534081
39 2 29.06888371
38 2 30.41381265
37 2 31.82766093
11 3 1.41421356
4 3 6.00000000
9 3 7.28010989
8 3 8.94427191
7 3 10.00000000
6 3 10.44030651
5 3 10.63014581
1056 3 17.00000000
1057 3 17.46424920
1058 3 18.02775638
1055 3 18.24828759
9 4 2.23606798
3 4 6.00000000
7 4 6.32455532
11 4 7.07106781
5 4 7.28010989
10 4 8.24621125
6 4 13.45362405
1056 4 15.13274595
1057 4 16.03121954
1058 4 17.00000000
1048 4 17.02938637
1055 4 18.24828759
7 5 1.00000000
9 5 5.09901951
4 5 7.28010989
1056 5 8.00000000
1057 5 9.05538514
1058 5 10.19803903
3 5 10.63014581
11 5 10.81665383
10 5 11.18033989
6 5 11.40175425
1055 5 12.08304597
12 5 12.64911064
1048 5 14.31782106
1049 5 15.65247584
1050 5 17.00000000
1052 5 21.09502311
12 6 1.41421356
1048 6 3.60555128
10 6 8.06225775
11 6 9.21954446
1055 6 10.00000000
3 6 10.44030651
5 6 11.40175425
1058 6 11.40175425
1057 6 11.66190379
7 6 11.70469991
1056 6 12.08304597
8 6 12.52996409
9 6 12.80624847
4 6 13.45362405
5 7 1.00000000
8 7 2.00000000
9 7 4.12310563
4 7 6.32455532
3 7 10.00000000
1057 7 10.04987562
11 7 10.29563014
10 7 10.77032961
1058 7 11.18033989
6 7 11.70469991
12 7 13.00000000
1055 7 13.00000000
1048 7 14.76482306
1049 7 16.12451550
1050 7 17.49285568
1052 7 21.63330765
7 8 2.00000000
9 8 2.23606798
3 8 8.94427191
11 8 9.48683298
10 8 10.19803903
1057 8 12.04159458
6 8 12.52996409
1058 8 13.15294644
12 8 13.89244399
1055 8 14.86606875
1048 8 15.81138830
1049 8 17.20465053
1050 8 18.60107524
1052 8 22.80350850
4 9 2.23606798
8 9 2.23606798
7 9 4.12310563
5 9 5.09901951
3 9 7.28010989
11 9 8.06225775
10 9 9.00000000
6 9 12.80624847
1056 9 13.03840481
1057 9 14.00000000
12 9 14.21267040
1058 9 15.03329638
1048 9 16.27882060
1055 9 16.49242250
1049 9 17.69180601
1050 9 19.10497317
1052 9 23.34523506
11 10 1.41421356
6 10 8.06225775
4 10 8.24621125
9 10 9.00000000
8 10 10.19803903
7 10 10.77032961
5 10 11.18033989
1056 10 16.40121947
1057 10 16.64331698
1055 10 16.76305461
1058 10 17.00000000
3 11 1.41421356
10 11 1.41421356
4 11 7.07106781
9 11 8.06225775
6 11 9.21954446
8 11 9.48683298
7 11 10.29563014
5 11 10.81665383
1056 11 16.64331698
1057 11 17.00000000
1055 11 17.46424920
1058 11 17.46424920
6 12 1.41421356
1048 12 2.23606798
1055 12 9.89949494
1058 12 11.66190379
1057 12 12.08304597
5 12 12.64911064
1056 12 12.64911064
7 12 13.00000000
8 12 13.89244399
9 12 14.21267040
14 13 1.41421356
1042 13 2.23606798
1041 13 3.60555128
1040 13 5.00000000
1039 13 6.70820393
15 13 7.00000000
16 13 8.24621125
18 13 9.84885780
1038 13 9.84885780
32 13 12.08304597
1036 13 12.36931688
1054 13 12.72792206
1037 13 13.60147051
1035 13 14.31782106
1031 13 19.31320792
28 13 20.51828453
29 13 20.61552813
1029 13 21.37755833
1026 13 22.20360331
1030 13 25.00000000
1065 13 25.07987241
25 13 27.73084925
1068 13 35.22782991
1078 13 37.36308338
13 14 1.41421356
17 14 4.47213595
15 14 6.08276253
1039 14 6.40312424
16 14 7.07106781
18 14 8.54400375
1038 14 10.44030651
32 14 10.77032961
1036 14 13.15294644
1037 14 15.00000000
1035 14 15.13274595
27 14 19.10497317
28 14 19.10497317
29 14 19.20937271
26 14 20.00000000
24 14 20.24845673
1031 14 20.61552813
1026 14 23.08679276
1065 14 26.01922366
1030 14 26.24880950
25 14 26.40075756
1068 14 36.34556369
1078 14 38.60051813
16 15 2.23606798
1039 15 3.16227766
14 15 6.08276253
17 15 6.40312424
13 15 7.00000000
1042 15 9.05538514
1041 15 10.19803903
1040 15 11.40175425
19 15 15.52417470
27 15 16.55294536
26 15 18.02775638
1054 15 18.35755975
1053 15 18.38477631
1037 15 18.60107524
24 15 18.68154169
1043 15 19.92485885
23 15 20.22374842
20 15 21.09502311
22 15 22.00000000
1031 15 22.80350850
21 15 23.19482701
1 15 24.33105012
2 15 24.73863375
0 15 25.49509757
1030 15 27.78488798
1078 15 39.81205847
1077 15 42.05948169
1076 15 43.41658669
15 16 2.23606798
18 16 2.23606798
17 16 5.83095189
14 16 7.07106781
13 16 8.24621125
1042 16 10.44030651
1041 16 11.70469991
1040 16 13.00000000
19 16 13.92838828
27 16 14.31782106
26 16 15.81138830
24 16 16.49242250
23 16 18.11077028
20 16 19.02629759
22 16 20.02498439
1053 16 20.12461180
1054 16 20.24845673
1037 16 20.61552813
21 16 21.37755833
1 16 22.56102835
2 16 23.08679276
0 16 23.76972865
1031 16 25.00000000
1030 16 30.01666204
1077 16 44.29446918
1076 16 45.65084884
14 17 4.47213595
16 17 5.83095189
18 17 6.08276253
15 17 6.40312424
32 17 8.00000000
1039 17 8.54400375
19 17 10.00000000
1038 17 14.03566885
27 17 14.86606875
28 17 15.00000000
29 17 15.26433752
26 17 15.62049935
24 17 15.81138830
23 17 16.55294536
1036 17 17.00000000
20 17 17.08800749
22 17 17.46424920
21 17 18.02775638
25 17 23.08679276
30 17 23.76972865
31 17 24.51530134
1031 17 25.07987241
1065 17 30.01666204
1030 17 30.67572330
1068 17 40.60788101
1078 17 43.01162634
16 18 2.23606798
32 18 2.23606798
17 18 6.08276253
14 18 8.54400375
13 18 9.84885780
29 18 11.40175425
28 18 11.66190379
27 18 12.08304597
1042 18 12.08304597
19 18 12.52996409
1041 18 13.41640786
26 18 13.60147051
24 18 14.31782106
1040 18 14.76482306
23 18 16.03121954
20 18 17.00000000
22 18 18.11077028
21 18 19.64688270
1 18 20.88061302
2 18 21.54065923
1053 18 21.95449840
0 18 22.13594362
1054 18 22.20360331
1037 18 22.67156810
1031 18 27.20294102
1030 18 32.24903099
1077 18 46.52956050
1076 18 47.88527958
21 19 8.06225775
22 19 8.06225775
20 19 8.48528137
23 19 8.60232527
1 19 9.00000000
2 19 9.21954446
24 19 9.48683298
17 19 10.00000000
0 19 10.04987562
26 19 10.19803903
27 19 11.00000000
28 19 12.04159458
18 19 12.52996409
32 19 12.80624847
29 19 13.15294644
16 19 13.92838828
33 19 14.86606875
15 19 15.52417470
1039 19 18.24828759
36 19 20.61552813
39 19 22.36067977
38 19 23.32380758
30 19 23.34523506
1038 19 24.02082430
31 19 24.51530134
37 19 24.69817807
23 20 1.41421356
22 20 2.23606798
21 20 5.38516481
27 20 7.81024968
19 20 8.48528137
2 20 8.54400375
32 20 16.12451550
33 20 16.76305461
18 20 17.00000000
17 20 17.08800749
34 20 18.02775638
16 20 19.02629759
35 20 19.31320792
15 20 21.09502311
36 20 21.47091055
38 20 22.80350850
1039 20 24.18677324
1038 20 30.41381265
1036 20 33.54101966
1030 20 47.75981575
1068 20 57.48912941
1078 20 60.08327554
1 21 1.41421356
2 21 3.16227766
22 21 3.16227766
20 21 5.38516481
23 21 6.70820393
19 21 8.06225775
24 21 9.43398113
26 21 10.81665383
27 21 12.80624847
28 21 14.21267040
29 21 15.62049935
17 21 18.02775638
32 21 19.31320792
18 21 19.64688270
33 21 20.59126028
16 21 21.37755833
34 21 21.95449840
15 21 23.19482701
35 21 23.32380758
36 21 25.80697580
1039 21 26.07680962
39 21 26.17250466
38 21 27.58622845
1038 21 32.00000000
1036 21 35.01428280
1065 21 48.04164860
20 22 2.23606798
21 22 3.16227766
23 22 3.60555128
24 22 6.40312424
26 22 7.81024968
19 22 8.06225775
27 22 9.89949494
17 22 17.46424920
32 22 17.46424920
18 22 18.11077028
33 22 18.38477631
34 22 19.69771560
16 22 20.02498439
35 22 21.02379604
15 22 22.00000000
36 22 23.32380758
39 22 23.34523506
38 22 24.83948470
1039 22 25.01999201
1038 22 31.14482300
1036 22 34.23448554
1068 22 58.05170109
20 23 1.41421356
24 23 2.82842712
22 23 3.60555128
27 23 6.40312424
21 23 6.70820393
19 23 8.60232527
2 23 9.84885780
32 23 15.03329638
33 23 15.52417470
18 23 16.03121954
17 23 16.55294536
34 23 16.76305461
35 23 18.02775638
16 23 18.11077028
36 23 20.12461180
15 23 20.22374842
38 23 21.40093456
1039 23 23.34523506
1038 23 29.61418579
1036 23 32.75667871
1031 23 41.62931659
1030 23 47.16990566
1068 23 56.75385449
1078 23 59.46427499
26 24 1.41421356
23 24 2.82842712
27 24 3.60555128
22 24 6.40312424
21 24 9.43398113
19 24 9.48683298
2 24 12.52996409
32 24 13.03840481
33 24 13.15294644
18 24 14.31782106
34 24 14.31782106
35 24 15.52417470
17 24 15.81138830
16 24 16.49242250
36 24 17.46424920
15 24 18.68154169
14 24 20.24845673
1039 24 21.84032967
1038 24 28.16025568
1036 24 31.32091953
1031 24 40.70626487
1030 24 46.09772229
1068 24 55.36244214
1078 24 58.30951895
30 25 1.41421356
39 25 7.28010989
29 25 9.05538514
36 25 11.66190379
35 25 12.72792206
34 25 12.80624847
33 25 13.03840481
32 25 15.65247584
17 25 23.08679276
14 25 26.40075756
13 25 27.73084925
1042 25 29.96664813
24 26 1.41421356
27 26 2.23606798
22 26 7.81024968
19 26 10.19803903
21 26 10.81665383
33 26 12.04159458
32 26 12.16552506
34 26 13.15294644
18 26 13.60147051
2 26 13.89244399
35 26 14.31782106
17 26 15.62049935
16 26 15.81138830
36 26 16.15549442
15 26 18.02775638
14 26 20.00000000
1031 26 40.31128874
1030 26 45.61797891
1078 26 57.77542730
1077 26 59.93329626
28 27 1.41421356
26 27 2.23606798
24 27 3.60555128
23 27 6.40312424
20 27 7.81024968
22 27 9.89949494
33 27 10.00000000
32 27 10.44030651
19 27 11.00000000
34 27 11.04536102
18 27 12.08304597
35 27 12.16552506
21 27 12.80624847
39 27 13.45362405
36 27 13.92838828
16 27 14.31782106
17 27 14.86606875
38 27 15.00000000
2 27 15.81138830
15 27 16.55294536
14 27 19.10497317
1037 27 34.05877273
1031 27 39.11521443
1030 27 44.29446918
1078 27 56.36488268
1077 27 58.59180830
1076 27 59.94163828
27 28 1.41421356
29 28 1.41421356
33 28 9.05538514
32 28 9.84885780
34 28 10.00000000
35 28 11.04536102
18 28 11.66190379
19 28 12.04159458
39 28 12.04159458
36 28 12.64911064
38 28 13.60147051
21 28 14.21267040
17 28 15.00000000
2 28 17.20465053
14 28 19.10497317
13 28 20.51828453
1054 28 33.24154028
1037 28 33.97057550
1031 28 38.83297568
28 29 1.41421356
33 29 8.24621125
25 29 9.05538514
34 29 9.05538514
32 29 9.43398113
35 29 10.00000000
30 29 10.19803903
39 29 10.63014581
18 29 11.40175425
31 29 11.40175425
36 29 11.40175425
38 29 12.20655562
19 29 13.15294644
17 29 15.26433752
21 29 15.62049935
2 29 18.60107524
14 29 19.20937271
13 29 20.61552813
1054 29 33.30165161
1037 29 33.94112550
25 30 1.41421356
31 30 1.41421356
39 30 6.70820393
29 30 10.19803903
36 30 11.40175425
35 30 12.80624847
34 30 13.03840481
33 30 13.41640786
32 30 16.15549442
19 30 23.34523506
17 30 23.76972865
30 31 1.41421356
39 31 6.40312424
36 31 11.31370850
29 31 11.40175425
35 31 13.03840481
34 31 13.41640786
33 31 13.92838828
32 31 16.76305461
17 31 24.51530134
19 31 24.51530134
18 32 2.23606798
33 32 3.00000000
17 32 8.00000000
29 32 9.43398113
28 32 9.84885780
27 32 10.44030651
14 32 10.77032961
13 32 12.08304597
26 32 12.16552506
19 32 12.80624847
24 32 13.03840481
1042 32 14.31782106
23 32 15.03329638
25 32 15.65247584
20 32 16.12451550
30 32 16.15549442
31 32 16.76305461
22 32 17.46424920
21 32 19.31320792
1 32 20.61552813
2 32 21.47091055
0 32 21.93171220
34 33 1.41421356
32 33 3.00000000
36 33 5.83095189
29 33 8.24621125
39 33 9.00000000
28 33 9.05538514
38 33 9.21954446
27 33 10.00000000
37 33 10.44030651
26 33 12.04159458
25 33 13.03840481
24 33 13.15294644
30 33 13.41640786
31 33 13.92838828
19 33 14.86606875
23 33 15.52417470
20 33 16.76305461
22 33 18.38477631
21 33 20.59126028
1 33 21.95449840
2 33 23.02172887
0 33 23.32380758
33 34 1.41421356
35 34 1.41421356
36 34 4.47213595
38 34 8.06225775
39 34 8.06225775
29 34 9.05538514
37 34 9.21954446
28 34 10.00000000
27 34 11.04536102
25 34 12.80624847
30 34 13.03840481
26 34 13.15294644
31 34 13.41640786
24 34 14.31782106
23 34 16.76305461
20 34 18.02775638
22 34 19.69771560
21 34 21.95449840
1 34 23.32380758
2 34 24.41311123
0 34 24.69817807
34 35 1.41421356
36 35 3.16227766
38 35 7.00000000
39 35 7.28010989
37 35 8.06225775
29 35 10.00000000
28 35 11.04536102
27 35 12.16552506
25 35 12.72792206
30 35 12.80624847
31 35 13.03840481
26 35 14.31782106
24 35 15.52417470
23 35 18.02775638
20 35 19.31320792
22 35 21.02379604
21 35 23.32380758
1 35 24.69817807
2 35 25.80697580
0 35 26.07680962
35 36 3.16227766
38 36 4.12310563
34 36 4.47213595
37 36 5.00000000
39 36 5.00000000
33 36 5.83095189
31 36 11.31370850
29 36 11.40175425
30 36 11.40175425
25 36 11.66190379
28 36 12.64911064
27 36 13.92838828
26 36 16.15549442
24 36 17.46424920
23 36 20.12461180
19 36 20.61552813
20 36 21.47091055
22 36 23.32380758
21 36 25.80697580
1 36 27.20294102
2 36 28.42534081
0 36 28.60069929
38 37 1.41421356
36 37 5.00000000
35 37 8.06225775
34 37 9.21954446
33 37 10.44030651
19 37 24.69817807
2 37 31.82766093
37 38 1.41421356
39 38 2.00000000
36 38 4.12310563
35 38 7.00000000
34 38 8.06225775
33 38 9.21954446
29 38 12.20655562
28 38 13.60147051
27 38 15.00000000
23 38 21.40093456
20 38 22.80350850
19 38 23.32380758
22 38 24.83948470
21 38 27.58622845
1 38 29.00000000
0 38 30.41381265
2 38 30.41381265
38 39 2.00000000
36 39 5.00000000
31 39 6.40312424
30 39 6.70820393
25 39 7.28010989
35 39 7.28010989
34 39 8.06225775
33 39 9.00000000
29 39 10.63014581
28 39 12.04159458
27 39 13.45362405
19 39 22.36067977
22 39 23.34523506
21 39 26.17250466
2 39 29.06888371
42 40 1.41421356
70 40 6.08276253
71 40 8.06225775
72 40 10.00000000
64 40 11.04536102
69 40 11.18033989
67 40 11.31370850
66 40 11.40175425
68 40 11.66190379
63 40 12.04159458
65 40 12.04159458
42 41 1.41421356
70 41 8.54400375
64 41 9.48683298
63 41 10.44030651
71 41 10.44030651
67 41 11.66190379
66 41 12.08304597
72 41 12.16552506
65 41 12.20655562
69 41 12.36931688
68 41 12.64911064
40 42 1.41421356
41 42 1.41421356
70 42 7.28010989
71 42 9.21954446
64 42 10.19803903
72 42 11.04536102
63 42 11.18033989
67 42 11.40175425
66 42 11.66190379
69 42 11.70469991
65 42 12.04159458
68 42 12.08304597
44 43 2.23606798
157 43 4.12310563
99 43 5.83095189
98 43 7.21110255
81 43 8.24621125
101 43 8.60232527
80 43 9.48683298
82 43 11.18033989
102 43 12.20655562
83 43 12.80624847
84 43 14.14213562
156 43 15.03329638
162 43 15.29705854
104 43 15.52417470
114 43 15.81138830
163 43 16.12451550
86 43 16.27882060
103 43 16.76305461
76 43 22.67156810
75 43 23.60084744
43 44 2.23606798
100 44 2.23606798
99 44 3.60555128
98 44 5.00000000
157 44 6.32455532
81 44 7.00000000
80 44 8.06225775
101 44 9.21954446
82 44 9.48683298
83 44 10.81665383
84 44 12.04159458
102 44 13.41640786
86 44 14.14213562
156 44 17.11724277
104 44 17.26267650
162 44 17.46424920
163 44 18.24828759
103 44 18.43908891
76 44 20.51828453
75 44 21.40093456
46 45 1.41421356
96 45 3.16227766
47 45 4.00000000
48 45 5.09901951
94 45 7.28010989
95 45 8.54400375
93 45 9.84885780
91 45 13.03840481
87 45 13.15294644
92 45 13.41640786
89 45 13.60147051
88 45 13.92838828
75 45 14.14213562
76 45 15.52417470
90 45 15.55634919
60 45 17.02938637
59 45 20.24845673
45 46 1.41421356
47 46 3.16227766
48 46 4.47213595
96 46 4.47213595
95 46 8.06225775
93 46 9.43398113
91 46 13.41640786
92 46 13.92838828
87 46 14.03566885
89 46 14.31782106
88 46 14.56021978
75 46 15.29705854
90 46 15.62049935
76 46 16.76305461
60 46 16.97056275
78 46 19.69771560
59 46 20.00000000
48 47 1.41421356
46 47 3.16227766
45 47 4.00000000
96 47 5.83095189
91 47 11.40175425
92 47 12.16552506
89 47 13.00000000
88 47 13.03840481
90 47 13.03840481
87 47 13.15294644
60 47 14.21267040
75 47 15.23154621
85 47 16.97056275
76 47 17.00000000
86 47 17.02938637
84 47 18.02775638
79 47 20.00000000
78 47 20.24845673
47 48 1.41421356
94 48 2.23606798
95 48 3.60555128
46 48 4.47213595
93 48 5.00000000
45 48 5.09901951
96 48 6.32455532
97 48 8.54400375
91 48 10.19803903
92 48 11.04536102
90 48 11.66190379
88 48 12.00000000
89 48 12.04159458
87 48 12.36931688
60 48 12.80624847
75 48 14.76482306
59 48 15.62049935
76 48 16.64331698
85 48 17.02938637
86 48 17.20465053
84 48 18.35755975
79 48 19.84943324
78 48 20.00000000
83 48 20.12461180
73 48 22.02271555
82 48 22.84731932
50 49 2.23606798
51 49 3.00000000
55 49 4.12310563
53 49 6.32455532
62 49 14.03566885
51 50 1.41421356
49 50 2.23606798
55 50 3.16227766
54 50 4.12310563
53 50 5.00000000
62 50 15.29705854
91 50 26.68332813
85 50 41.59326869
86 50 42.42640687
84 50 44.28317965
83 50 46.27094121
82 50 49.25444142
80 50 51.15662225
81 50 52.08646657
101 50 59.03388857
102 50 64.03124237
50 51 1.41421356
49 51 3.00000000
62 51 14.56021978
93 52 6.00000000
59 52 7.28010989
60 52 7.28010989
90 52 8.06225775
58 52 8.54400375
61 52 9.84885780
91 52 10.63014581
74 52 11.18033989
53 52 13.03840481
73 52 13.03840481
56 52 13.34166406
54 52 14.14213562
89 52 14.21267040
57 52 14.31782106
55 52 15.13274595
87 52 15.81138830
75 52 19.72308292
76 52 21.95449840
85 52 24.35159132
86 52 25.00000000
79 52 25.94224354
84 52 26.68332813
83 52 28.63564213
82 52 31.57530681
62 52 33.24154028
80 52 33.37663854
81 52 34.23448554
101 52 41.10960958
102 52 46.09772229
103 52 52.00961450
54 53 1.41421356
56 53 2.00000000
55 53 2.23606798
50 53 5.00000000
49 53 6.32455532
73 53 11.66190379
61 53 12.04159458
74 53 12.04159458
58 53 12.20655562
59 53 12.52996409
52 53 13.03840481
60 53 16.15549442
90 53 18.02775638
93 53 19.02629759
62 53 20.22374842
91 53 21.84032967
97 53 31.01612484
85 53 36.67424164
86 53 37.48332963
84 53 39.31920650
83 53 41.30375286
98 53 43.01162634
82 53 44.28317965
80 53 46.17358552
81 53 47.09564736
101 53 54.03702434
102 53 59.03388857
104 53 64.00781202
103 53 65.00000000
55 54 1.00000000
53 54 1.41421356
56 54 1.41421356
50 54 4.12310563
74 54 12.04159458
61 54 12.20655562
58 54 12.52996409
59 54 13.00000000
52 54 14.14213562
60 54 16.76305461
90 54 18.68154169
93 54 20.09975124
91 54 22.56102835
97 54 32.06243908
85 54 37.48332963
86 54 38.32753579
84 54 40.19950248
83 54 42.19004622
98 54 44.04543109
82 54 45.17742799
80 54 47.09564736
81 54 48.04164860
101 54 55.00909016
102 54 60.00833275
104 54 65.03076195
103 54 66.00757532
54 55 1.00000000
53 55 2.23606798
50 55 3.16227766
49 55 4.12310563
52 55 15.13274595
62 55 18.11077028
93 55 21.09502311
97 55 33.06055051
98 55 45.04442252
104 55 66.03029608
103 55 67.00746227
54 56 1.41421356
53 56 2.00000000
57 56 3.00000000
73 56 10.00000000
74 56 10.63014581
61 56 10.81665383
58 56 11.18033989
59 56 11.70469991
52 56 13.34166406
60 56 15.52417470
90 56 17.46424920
93 56 19.23538406
91 56 21.37755833
96 56 29.27456234
97 56 31.14482300
85 56 36.34556369
86 56 37.21558813
84 56 39.11521443
83 56 41.10960958
98 56 43.10452412
82 56 44.10215414
80 56 46.04345773
81 56 47.01063709
101 56 54.00000000
104 56 64.07027392
103 56 65.03076195
56 57 3.00000000
73 57 7.81024968
74 57 8.94427191
61 57 9.48683298
58 57 10.19803903
59 57 11.04536102
52 57 14.31782106
60 57 15.03329638
90 57 17.02938637
93 57 19.92485885
91 57 21.02379604
96 57 29.83286778
97 57 31.57530681
86 57 37.01351105
84 57 39.00000000
98 57 43.41658669
80 57 46.01086828
81 57 47.04253395
101 57 54.08326913
104 57 64.28063472
103 57 65.19202405
59 58 1.41421356
61 58 1.41421356
73 58 5.00000000
52 58 8.54400375
57 58 10.19803903
56 58 11.18033989
53 58 12.20655562
54 58 12.52996409
58 59 1.41421356
60 59 4.00000000
73 59 6.40312424
52 59 7.28010989
93 59 10.63014581
57 59 11.04536102
56 59 11.70469991
53 59 12.52996409
54 59 13.00000000
48 59 15.62049935
96 59 19.69771560
46 59 20.00000000
45 59 20.24845673
97 59 21.18962010
84 59 28.01785145
98 59 32.75667871
80 59 35.05709629
81 59 36.12478374
101 59 43.18564576
104 59 53.46026562
103 59 54.33231083
90 60 2.00000000
59 60 4.00000000
52 60 7.28010989
93 60 8.06225775
95 60 9.43398113
94 60 10.81665383
48 60 12.80624847
47 60 14.21267040
57 60 15.03329638
56 60 15.52417470
96 60 16.12451550
53 60 16.15549442
54 60 16.76305461
46 60 16.97056275
45 60 17.02938637
97 60 17.46424920
84 60 24.02082430
98 60 28.86173938
80 60 31.06444913
81 60 32.14031736
101 60 39.20459157
104 60 49.49747468
103 60 50.35871325
156 60 50.44799302
58 61 1.41421356
74 61 1.41421356
73 61 3.60555128
57 61 9.48683298
52 61 9.84885780
56 61 10.81665383
53 61 12.04159458
54 61 12.20655562
63 62 2.23606798
49 62 14.03566885
51 62 14.56021978
50 62 15.29705854
55 62 18.11077028
53 62 20.22374842
52 62 33.24154028
64 63 1.00000000
62 63 2.23606798
41 63 10.44030651
42 63 11.18033989
40 63 12.04159458
63 64 1.00000000
65 64 7.28010989
67 64 7.61577311
66 64 8.94427191
41 64 9.48683298
42 64 10.19803903
68 64 10.29563014
69 64 10.81665383
40 64 11.04536102
70 64 13.00000000
71 64 13.89244399
72 64 14.21267040
67 65 1.00000000
64 65 7.28010989
70 65 10.19803903
40 65 12.04159458
42 65 12.04159458
41 65 12.20655562
954 65 16.12451550
960 65 29.01723626
67 66 1.41421356
68 66 1.41421356
69 66 2.23606798
72 66 7.07106781
71 66 8.06225775
70 66 8.54400375
64 66 8.94427191
40 66 11.40175425
42 66 11.66190379
41 66 12.08304597
954 66 14.31782106
65 67 1.00000000
66 67 1.41421356
69 67 3.60555128
64 67 7.61577311
72 67 8.24621125
71 67 9.00000000
70 67 9.21954446
40 67 11.31370850
42 67 11.40175425
41 67 11.66190379
954 67 15.13274595
960 67 28.01785145
69 68 1.00000000
66 68 1.41421356
71 68 7.28010989
70 68 8.06225775
64 68 10.29563014
40 68 11.66190379
42 68 12.08304597
41 68 12.64911064
954 68 13.60147051
68 69 1.00000000
66 69 2.23606798
67 69 3.60555128
72 69 5.00000000
71 69 6.32455532
70 69 7.21110255
64 69 10.81665383
40 69 11.18033989
42 69 11.70469991
41 69 12.36931688
71 70 2.00000000
72 70 4.12310563
953 70 5.38516481
954 70 6.00000000
40 70 6.08276253
69 70 7.21110255
42 70 7.28010989
68 70 8.06225775
41 70 8.54400375
66 70 8.54400375
67 70 9.21954446
65 70 10.19803903
64 70 13.00000000
962 70 16.49242250
963 70 16.76305461
960 70 19.02629759
964 70 21.09502311
70 71 2.00000000
72 71 2.23606798
953 71 5.00000000
69 71 6.32455532
954 71 6.32455532
68 71 7.28010989
40 71 8.06225775
66 71 8.06225775
67 71 9.00000000
42 71 9.21954446
41 71 10.44030651
64 71 13.89244399
960 71 19.02629759
71 72 2.23606798
70 72 4.12310563
69 72 5.00000000
66 72 7.07106781
67 72 8.24621125
40 72 10.00000000
42 72 11.04536102
41 72 12.16552506
64 72 14.21267040
74 73 2.23606798
61 73 3.60555128
58 73 5.00000000
59 73 6.40312424
57 73 7.81024968
56 73 10.00000000
53 73 11.66190379
52 73 13.03840481
93 73 17.02938637
48 73 22.02271555
61 74 1.41421356
73 74 2.23606798
57 74 8.94427191
56 74 10.63014581
52 74 11.18033989
53 74 12.04159458
54 74 12.04159458
76 75 2.23606798
87 75 4.12310563
79 75 6.32455532
85 75 6.32455532
86 75 7.61577311
91 75 9.48683298
84 75 9.84885780
97 75 10.04987562
96 75 11.04536102
45 75 14.14213562
48 75 14.76482306
93 75 14.86606875
95 75 14.86606875
94 75 15.00000000
47 75 15.23154621
46 75 15.29705854
98 75 16.40121947
52 75 19.72308292
44 75 21.40093456
43 75 23.60084744
157 75 27.45906044
158 75 29.68164416
161 75 35.84689666
162 75 38.01315562
163 75 38.48376281
77 76 2.00000000
75 76 2.23606798
78 76 3.60555128
79 76 4.12310563
85 76 5.00000000
86 76 6.40312424
97 76 11.04536102
96 76 12.36931688
45 76 15.52417470
98 76 15.55634919
48 76 16.64331698
46 76 16.76305461
95 76 16.97056275
47 76 17.00000000
93 76 17.02938637
94 76 17.02938637
44 76 20.51828453
52 76 21.95449840
43 76 22.67156810
76 77 2.00000000
78 77 3.00000000
79 77 4.12310563
85 77 6.40312424
79 78 1.41421356
77 78 3.00000000
76 78 3.60555128
85 78 5.09901951
97 78 13.60147051
96 78 15.23154621
46 78 19.69771560
48 78 20.00000000
47 78 20.24845673
94 78 20.51828453
95 78 20.51828453
93 78 20.61552813
78 79 1.41421356
85 79 4.00000000
76 79 4.12310563
77 79 4.12310563
75 79 6.32455532
97 79 13.00000000
96 79 14.76482306
48 79 19.84943324
47 79 20.00000000
94 79 20.51828453
95 79 20.61552813
93 79 20.80865205
52 79 25.94224354
81 80 1.41421356
82 80 2.23606798
83 80 5.09901951
98 80 5.83095189
99 80 6.32455532
84 80 7.07106781
100 80 7.07106781
44 80 8.06225775
43 80 9.48683298
157 80 12.20655562
158 80 14.21267040
159 80 15.62049935
97 80 15.81138830
92 80 24.18677324
91 80 25.07987241
94 80 25.96150997
95 80 26.68332813
93 80 27.45906044
90 80 29.06888371
60 80 31.06444913
52 80 33.37663854
59 80 35.05709629
57 80 46.01086828
56 80 46.04345773
53 80 46.17358552
54 80 47.09564736
50 80 51.15662225
80 81 1.41421356
82 81 3.60555128
98 81 5.65685425
99 81 5.83095189
83 81 6.32455532
100 81 6.32455532
44 81 7.00000000
101 81 7.07106781
43 81 8.24621125
84 81 8.24621125
157 81 10.81665383
158 81 12.80624847
159 81 14.21267040
97 81 16.49242250
104 81 17.46424920
103 81 18.24828759
161 81 18.43908891
156 81 19.23538406
162 81 20.24845673
163 81 20.59126028
87 81 21.58703314
89 81 23.53720459
88 81 24.51530134
92 81 25.31797780
91 81 26.17250466
94 81 26.68332813
95 81 27.45906044
93 81 28.28427125
90 81 30.14962686
60 81 32.14031736
52 81 34.23448554
59 81 36.12478374
56 81 47.01063709
57 81 47.04253395
53 81 47.09564736
54 81 48.04164860
50 81 52.08646657
80 82 2.23606798
83 82 3.00000000
81 82 3.60555128
98 82 6.08276253
99 82 7.00000000
100 82 8.06225775
44 82 9.48683298
43 82 11.18033989
157 82 14.21267040
97 82 14.31782106
158 82 16.27882060
159 82 17.69180601
161 82 22.02271555
48 82 22.84731932
94 82 24.35159132
95 82 25.00000000
93 82 25.70992026
52 82 31.57530681
56 82 44.10215414
53 82 44.28317965
54 82 45.17742799
50 82 49.25444142
84 83 2.00000000
82 83 3.00000000
80 83 5.09901951
81 83 6.32455532
98 83 6.32455532
99 83 7.61577311
100 83 8.94427191
44 83 10.81665383
97 83 11.66190379
43 83 12.80624847
96 83 13.89244399
157 83 16.27882060
158 83 18.43908891
48 83 20.12461180
94 83 21.54065923
95 83 22.13594362
93 83 22.80350850
161 83 24.41311123
156 83 25.49509757
162 83 26.41968963
163 83 26.83281573
52 83 28.63564213
56 83 41.10960958
53 83 41.30375286
54 83 42.19004622
50 83 46.27094121
83 84 2.00000000
86 84 2.23606798
80 84 7.07106781
98 84 7.21110255
81 84 8.24621125
99 84 8.60232527
75 84 9.84885780
97 84 10.00000000
100 84 10.00000000
44 84 12.04159458
96 84 12.20655562
87 84 13.34166406
43 84 14.14213562
89 84 15.29705854
88 84 16.27882060
92 84 17.11724277
157 84 17.80449381
47 84 18.02775638
91 84 18.02775638
48 84 18.35755975
94 84 19.69771560
158 84 20.00000000
95 84 20.24845673
93 84 20.88061302
90 84 22.02271555
60 84 24.02082430
161 84 26.07680962
52 84 26.68332813
156 84 27.31300057
59 84 28.01785145
162 84 28.17800561
163 84 28.63564213
57 84 39.00000000
56 84 39.11521443
53 84 39.31920650
54 84 40.19950248
50 84 44.28317965
86 85 1.41421356
79 85 4.00000000
76 85 5.00000000
78 85 5.09901951
75 85 6.32455532
77 85 6.40312424
97 85 9.43398113
87 85 10.04987562
98 85 10.63014581
96 85 11.40175425
89 85 12.04159458
99 85 12.04159458
88 85 13.03840481
100 85 13.45362405
92 85 14.00000000
91 85 15.03329638
47 85 16.97056275
48 85 17.02938637
94 85 18.02775638
95 85 18.35755975
93 85 18.78829423
52 85 24.35159132
56 85 36.34556369
53 85 36.67424164
54 85 37.48332963
50 85 41.59326869
85 86 1.41421356
84 86 2.23606798
76 86 6.40312424
75 86 7.61577311
97 86 9.21954446
98 86 9.21954446
99 86 10.63014581
87 86 11.18033989
96 86 11.31370850
100 86 12.04159458
89 86 13.15294644
44 86 14.14213562
88 86 14.14213562
92 86 15.03329638
91 86 16.00000000
43 86 16.27882060
47 86 17.02938637
48 86 17.20465053
94 86 18.35755975
95 86 18.78829423
93 86 19.31320792
157 86 20.00000000
158 86 22.20360331
52 86 25.00000000
161 86 28.30194340
162 86 30.41381265
57 86 37.01351105
56 86 37.21558813
53 86 37.48332963
54 86 38.32753579
50 86 42.42640687
89 87 2.00000000
75 87 4.12310563
92 87 4.12310563
91 87 5.38516481
85 87 10.04987562
97 87 10.29563014
96 87 10.44030651
86 87 11.18033989
93 87 11.40175425
95 87 11.66190379
94 87 12.08304597
48 87 12.36931688
45 87 13.15294644
47 87 13.15294644
84 87 13.34166406
46 87 14.03566885
52 87 15.81138830
98 87 19.23538406
81 87 21.58703314
157 87 30.41381265
158 87 32.64965543
161 87 38.91015292
156 87 40.49691346
162 87 41.23105626
163 87 41.78516483
89 88 1.00000000
92 88 1.41421356
93 88 9.84885780
95 88 10.44030651
94 88 11.18033989
96 88 11.66190379
48 88 12.00000000
97 88 12.04159458
47 88 13.03840481
85 88 13.03840481
45 88 13.92838828
86 88 14.14213562
46 88 14.56021978
84 88 16.27882060
98 88 21.93171220
81 88 24.51530134
161 88 41.62931659
104 88 41.97618372
156 88 43.32435804
162 88 44.01136217
163 88 44.59820624
88 89 1.00000000
87 89 2.00000000
92 89 2.23606798
91 89 3.60555128
93 89 10.29563014
95 89 10.77032961
96 89 11.18033989
94 89 11.40175425
97 89 11.40175425
48 89 12.04159458
85 89 12.04159458
47 89 13.00000000
86 89 13.15294644
45 89 13.60147051
52 89 14.21267040
46 89 14.31782106
84 89 15.29705854
98 89 21.02379604
81 89 23.53720459
161 89 40.71854614
104 89 41.00000000
156 89 42.37924020
162 89 43.08131846
163 89 43.65775991
60 90 2.00000000
91 90 4.00000000
93 90 7.28010989
52 90 8.06225775
95 90 8.54400375
94 90 9.84885780
48 90 11.66190379
47 90 13.03840481
96 90 14.42220510
45 90 15.55634919
46 90 15.62049935
97 90 15.65247584
57 90 17.02938637
56 90 17.46424920
53 90 18.02775638
54 90 18.68154169
84 90 22.02271555
98 90 26.92582404
80 90 29.06888371
81 90 30.14962686
101 90 37.21558813
104 90 47.51841748
103 90 48.37354649
156 90 48.50773134
92 91 1.41421356
89 91 3.60555128
90 91 4.00000000
87 91 5.38516481
93 91 7.28010989
95 91 8.06225775
94 91 9.00000000
75 91 9.48683298
48 91 10.19803903
52 91 10.63014581
96 91 11.31370850
47 91 11.40175425
97 91 12.20655562
45 91 13.03840481
46 91 13.41640786
85 91 15.03329638
86 91 16.00000000
84 91 18.02775638
57 91 21.02379604
56 91 21.37755833
53 91 21.84032967
54 91 22.56102835
98 91 23.08679276
80 91 25.07987241
81 91 26.17250466
50 91 26.68332813
101 91 33.24154028
104 91 43.56604182
103 91 44.40720662
156 91 44.64302857
163 91 45.88027899
88 92 1.41421356
91 92 1.41421356
89 92 2.23606798
87 92 4.12310563
93 92 8.54400375
95 92 9.21954446
94 92 10.04987562
48 92 11.04536102
96 92 11.40175425
97 92 12.04159458
47 92 12.16552506
45 92 13.41640786
46 92 13.92838828
85 92 14.00000000
86 92 15.03329638
84 92 17.11724277
98 92 22.47220505
80 92 24.18677324
81 92 25.31797780
104 92 42.75511665
103 92 43.56604182
156 92 43.96589587
162 92 44.59820624
163 92 45.22167622
95 93 1.41421356
48 93 5.00000000
52 93 6.00000000
90 93 7.28010989
91 93 7.28010989
60 93 8.06225775
92 93 8.54400375
46 93 9.43398113
45 93 9.84885780
88 93 9.84885780
96 93 10.04987562
89 93 10.29563014
59 93 10.63014581
87 93 11.40175425
97 93 12.00000000
75 93 14.86606875
73 93 17.02938637
76 93 17.02938637
85 93 18.78829423
53 93 19.02629759
56 93 19.23538406
86 93 19.31320792
57 93 19.92485885
54 93 20.09975124
78 93 20.61552813
79 93 20.80865205
84 93 20.88061302
55 93 21.09502311
83 93 22.80350850
82 93 25.70992026
80 93 27.45906044
81 93 28.28427125
101 93 35.12833614
102 93 40.11234224
103 93 46.01086828
95 94 1.41421356
48 94 2.23606798
45 94 7.28010989
96 94 8.06225775
91 94 9.00000000
90 94 9.84885780
92 94 10.04987562
97 94 10.19803903
60 94 10.81665383
88 94 11.18033989
89 94 11.40175425
87 94 12.08304597
75 94 15.00000000
76 94 17.02938637
85 94 18.02775638
86 94 18.35755975
84 94 19.69771560
78 94 20.51828453
79 94 20.51828453
83 94 21.54065923
82 94 24.35159132
80 94 25.96150997
81 94 26.68332813
93 95 1.41421356
94 95 1.41421356
48 95 3.60555128
46 95 8.06225775
91 95 8.06225775
45 95 8.54400375
90 95 8.54400375
96 95 9.00000000
92 95 9.21954446
60 95 9.43398113
88 95 10.44030651
89 95 10.77032961
97 95 11.04536102
87 95 11.66190379
75 95 14.86606875
76 95 16.97056275
85 95 18.35755975
86 95 18.78829423
84 95 20.24845673
78 95 20.51828453
79 95 20.61552813
83 95 22.13594362
82 95 25.00000000
80 95 26.68332813
81 95 27.45906044
101 95 34.23448554
102 95 39.20459157
97 96 2.23606798
45 96 3.16227766
46 96 4.47213595
47 96 5.83095189
48 96 6.32455532
94 96 8.06225775
95 96 9.00000000
93 96 10.04987562
87 96 10.44030651
75 96 11.04536102
89 96 11.18033989
86 96 11.31370850
91 96 11.31370850
85 96 11.40175425
92 96 11.40175425
88 96 11.66190379
84 96 12.20655562
76 96 12.36931688
83 96 13.89244399
90 96 14.42220510
79 96 14.76482306
78 96 15.23154621
60 96 16.12451550
59 96 19.69771560
56 96 29.27456234
57 96 29.83286778
96 97 2.23606798
48 97 8.54400375
86 97 9.21954446
85 97 9.43398113
84 97 10.00000000
75 97 10.04987562
94 97 10.19803903
87 97 10.29563014
76 97 11.04536102
95 97 11.04536102
89 97 11.40175425
83 97 11.66190379
93 97 12.00000000
98 97 12.00000000
88 97 12.04159458
92 97 12.04159458
91 97 12.20655562
79 97 13.00000000
78 97 13.60147051
82 97 14.31782106
90 97 15.65247584
80 97 15.81138830
81 97 16.49242250
60 97 17.46424920
59 97 21.18962010
101 97 23.19482701
102 97 28.16025568
53 97 31.01612484
56 97 31.14482300
57 97 31.57530681
54 97 32.06243908
55 97 33.06055051
103 97 34.01470270
99 98 1.41421356
44 98 5.00000000
81 98 5.65685425
80 98 5.83095189
82 98 6.08276253
83 98 6.32455532
43 98 7.21110255
84 98 7.21110255
86 98 9.21954446
85 98 10.63014581
157 98 11.18033989
101 98 11.40175425
97 98 12.00000000
76 98 15.55634919
102 98 16.27882060
75 98 16.40121947
87 98 19.23538406
161 98 19.69771560
104 98 21.00000000
89 98 21.02379604
156 98 21.58703314
88 98 21.93171220
103 98 22.02271555
162 98 22.13594362
92 98 22.47220505
163 98 22.80350850
91 98 23.08679276
90 98 26.92582404
60 98 28.86173938
59 98 32.75667871
53 98 43.01162634
56 98 43.10452412
57 98 43.41658669
54 98 44.04543109
55 98 45.04442252
98 99 1.41421356
100 99 1.41421356
44 99 3.60555128
43 99 5.83095189
81 99 5.83095189
80 99 6.32455532
82 99 7.00000000
83 99 7.61577311
84 99 8.60232527
157 99 9.84885780
86 99 10.63014581
101 99 10.77032961
85 99 12.04159458
102 99 15.52417470
161 99 18.38477631
104 99 20.02498439
156 99 20.39607805
162 99 20.88061302
103 99 21.09502311
163 99 21.58703314
99 100 1.41421356
44 100 2.23606798
81 100 6.32455532
80 100 7.07106781
82 100 8.06225775
157 100 8.54400375
83 100 8.94427191
84 100 10.00000000
101 100 10.29563014
86 100 12.04159458
85 100 13.45362405
102 100 14.86606875
104 100 19.10497317
156 100 19.23538406
162 100 19.64688270
103 100 20.22374842
163 100 20.39607805
102 101 5.00000000
81 101 7.07106781
157 101 8.06225775
43 101 8.60232527
158 101 9.05538514
44 101 9.21954446
159 101 10.19803903
100 101 10.29563014
104 101 10.44030651
99 101 10.77032961
103 101 11.18033989
98 101 11.40175425
156 101 12.80624847
161 101 13.03840481
162 101 14.14213562
163 101 14.21267040
97 101 23.19482701
91 101 33.24154028
95 101 34.23448554
93 101 35.12833614
90 101 37.21558813
60 101 39.20459157
52 101 41.10960958
59 101 43.18564576
56 101 54.00000000
53 101 54.03702434
57 101 54.08326913
54 101 55.00909016
50 101 59.03388857
115 102 1.41421356
114 102 3.60555128
101 102 5.00000000
104 102 5.83095189
103 102 6.32455532
156 102 9.43398113
158 102 9.84885780
157 102 10.00000000
159 102 10.44030651
161 102 11.18033989
162 102 11.18033989
160 102 11.40175425
43 102 12.20655562
44 102 13.41640786
100 102 14.86606875
99 102 15.52417470
98 102 16.27882060
97 102 28.16025568
95 102 39.20459157
93 102 40.11234224
52 102 46.09772229
53 102 59.03388857
54 102 60.00833275
50 102 64.03124237
104 103 1.41421356
114 103 5.00000000
115 103 5.83095189
102 103 6.32455532
113 103 7.28010989
101 103 11.18033989
159 103 12.04159458
158 103 12.20655562
157 103 13.41640786
43 103 16.76305461
81 103 18.24828759
44 103 18.43908891
100 103 20.22374842
99 103 21.09502311
98 103 22.02271555
97 103 34.01470270
92 103 43.56604182
91 103 44.40720662
93 103 46.01086828
90 103 48.37354649
60 103 50.35871325
52 103 52.00961450
59 103 54.33231083
53 103 65.00000000
56 103 65.03076195
57 103 65.19202405
54 103 66.00757532
55 103 67.00746227
103 104 1.41421356
156 104 5.00000000
114 104 5.38516481
115 104 5.65685425
102 104 5.83095189
113 104 8.06225775
161 104 8.54400375
101 104 10.44030651
159 104 10.63014581
158 104 10.81665383
160 104 11.31370850
157 104 12.08304597
43 104 15.52417470
44 104 17.26267650
81 104 17.46424920
100 104 19.10497317
99 104 20.02498439
98 104 21.00000000
89 104 41.00000000
88 104 41.97618372
92 104 42.75511665
91 104 43.56604182
90 104 47.51841748
60 104 49.49747468
59 104 53.46026562
53 104 64.00781202
56 104 64.07027392
57 104 64.28063472
54 104 65.03076195
55 104 66.03029608
106 105 2.23606798
107 105 3.00000000
112 105 4.12310563
116 105 5.38516481
107 106 1.41421356
108 106 1.41421356
112 106 2.00000000
105 106 2.23606798
116 106 3.16227766
106 107 1.41421356
112 107 1.41421356
108 107 2.00000000
105 107 3.00000000
111 107 3.16227766
118 107 5.83095189
117 107 6.70820393
106 108 1.41421356
111 108 1.41421356
112 108 1.41421356
107 108 2.00000000
116 108 2.00000000
110 109 2.23606798
142 109 2.23606798
117 109 3.60555128
118 109 4.24264069
119 109 4.24264069
125 109 9.21954446
124 109 11.18033989
121 109 11.40175425
1332 109 12.00000000
1331 109 12.04159458
1343 109 14.14213562
1338 109 15.03329638
1339 109 16.03121954
141 109 29.15475947
117 110 2.00000000
109 110 2.23606798
118 110 2.23606798
111 110 3.00000000
116 110 4.12310563
119 110 5.38516481
124 110 12.64911064
121 110 13.15294644
1332 110 14.03566885
1331 110 14.14213562
1329 110 15.03329638
1343 110 16.03121954
1338 110 17.00000000
108 111 1.41421356
116 111 1.41421356
112 111 2.00000000
118 111 2.82842712
110 111 3.00000000
107 111 3.16227766
117 111 3.60555128
119 111 8.24621125
121 111 16.12451550
1343 111 19.02629759
107 112 1.41421356
108 112 1.41421356
116 112 1.41421356
106 112 2.00000000
111 112 2.00000000
105 112 4.12310563
118 112 4.47213595
117 112 5.38516481
119 112 10.19803903
121 112 18.11077028
1343 112 21.02379604
114 113 3.16227766
103 113 7.28010989
104 113 8.06225775
156 113 13.03840481
162 113 15.03329638
161 113 16.12451550
115 114 2.23606798
113 114 3.16227766
102 114 3.60555128
103 114 5.00000000
104 114 5.38516481
156 114 10.19803903
162 114 12.16552506
158 114 13.03840481
161 114 13.03840481
159 114 13.41640786
157 114 13.45362405
160 114 14.31782106
43 114 15.81138830
102 115 1.41421356
114 115 2.23606798
104 115 5.65685425
103 115 5.83095189
156 115 9.84885780
158 115 11.18033989
157 115 11.40175425
159 115 11.70469991
162 115 11.70469991
161 115 12.04159458
160 115 12.64911064
111 116 1.41421356
112 116 1.41421356
108 116 2.00000000
106 116 3.16227766
118 116 3.16227766
110 116 4.12310563
117 116 4.12310563
105 116 5.38516481
119 116 9.05538514
121 116 17.02938637
1332 116 18.11077028
1331 116 18.24828759
1329 116 19.10497317
1343 116 20.00000000
1338 116 21.02379604
118 117 1.00000000
110 117 2.00000000
109 117 3.60555128
111 117 3.60555128
116 117 4.12310563
119 117 5.00000000
112 117 5.38516481
142 117 5.65685425
107 117 6.70820393
1332 117 14.31782106
1331 117 14.56021978
1329 117 15.29705854
1343 117 16.03121954
1338 117 17.11724277
141 117 31.57530681
149 117 36.61966685
148 117 37.20215048
146 117 40.00000000
180 117 41.03656906
184 117 41.77319715
117 118 1.00000000
110 118 2.23606798
111 118 2.82842712
116 118 3.16227766
109 118 4.24264069
112 118 4.47213595
107 118 5.83095189
142 118 6.40312424
1332 118 15.29705854
1331 118 15.52417470
1329 118 16.27882060
1343 118 17.02938637
1338 118 18.11077028
149 118 37.44329045
148 118 38.01315562
146 118 40.80441153
120 119 1.41421356
142 119 4.12310563
109 119 4.24264069
117 119 5.00000000
125 119 5.00000000
143 119 5.00000000
110 119 5.38516481
144 119 6.08276253
124 119 7.28010989
121 119 8.00000000
111 119 8.24621125
145 119 8.24621125
116 119 9.05538514
1332 119 9.48683298
1331 119 9.84885780
112 119 10.19803903
1329 119 10.44030651
1343 119 11.04536102
1338 119 12.16552506
154 119 14.56021978
155 119 15.81138830
153 119 17.88854382
152 119 19.23538406
150 119 20.59126028
151 119 21.95449840
141 119 26.68332813
149 119 32.64965543
148 119 33.30165161
183 119 34.66987165
182 119 35.22782991
146 119 36.12478374
181 119 36.23534186
180 119 37.53664876
184 119 38.20994635
119 120 1.41421356
126 120 1.41421356
125 120 3.60555128
142 120 5.38516481
124 120 6.08276253
143 120 6.08276253
144 120 7.00000000
121 120 7.07106781
1332 120 8.94427191
145 120 9.05538514
1331 120 9.43398113
1329 120 9.84885780
1343 120 10.19803903
1338 120 11.40175425
154 120 15.29705854
155 120 16.49242250
