24 0 1.41421356
23 0 2.23606798
21 0 4.47213595
20 0 9.05538514
19 0 10.00000000
18 0 11.04536102
38 0 21.18962010
15 0 21.84032967
39 0 23.32380758
14 0 23.53720459
40 0 24.69817807
1023 0 25.31797780
41 0 27.20294102
1022 0 28.16025568
42 0 29.73213749
10 1 2.23606798
9 1 3.60555128
2 1 4.00000000
8 1 5.00000000
7 1 5.09901951
6 1 6.32455532
5 1 8.60232527
4 1 9.21954446
3 1 9.89949494
11 1 12.08304597
1043 1 16.55294536
1044 1 17.08800749
1045 1 17.72004515
1042 1 18.24828759
1041 1 19.00000000
7 2 1.41421356
1 2 4.00000000
5 2 5.83095189
10 2 6.08276253
4 2 6.70820393
9 2 7.28010989
3 2 7.61577311
8 2 8.54400375
11 2 14.21267040
1043 2 15.29705854
1044 2 16.12451550
1032 2 16.40121947
1045 2 17.02938637
1042 2 18.02775638
1041 2 19.41648784
4 3 1.00000000
6 3 5.09901951
7 3 6.32455532
2 3 7.61577311
1043 3 8.00000000
1044 3 9.05538514
1 3 9.89949494
1045 3 10.19803903
10 3 10.81665383
9 3 11.18033989
8 3 11.70469991
1042 3 11.70469991
11 3 12.64911064
1041 3 13.89244399
1032 3 14.31782106
1033 3 15.65247584
1034 3 17.00000000
1035 3 18.35755975
1038 3 21.95449840
3 4 1.00000000
5 4 1.00000000
6 4 4.12310563
7 4 5.38516481
2 4 6.70820393
1 4 9.21954446
1044 4 10.04987562
10 4 10.29563014
9 4 10.77032961
1045 4 11.18033989
8 4 11.40175425
1042 4 12.64911064
11 4 13.00000000
1032 4 14.76482306
1041 4 14.76482306
1033 4 16.12451550
1034 4 17.49285568
1035 4 18.86796226
1038 4 22.47220505
4 5 1.00000000
6 5 3.16227766
7 5 4.47213595
2 5 5.83095189
1 5 8.60232527
10 5 9.84885780
9 5 10.44030651
1044 5 11.04536102
8 5 11.18033989
1045 5 12.16552506
11 5 13.41640786
1042 5 13.60147051
1032 5 15.26433752
1041 5 15.65247584
1033 5 16.64331698
1034 5 18.02775638
1035 5 19.41648784
7 6 1.41421356
5 6 3.16227766
4 6 4.12310563
3 6 5.09901951
1 6 6.32455532
10 6 8.06225775
9 6 9.00000000
8 6 10.04987562
1043 6 13.03840481
1044 6 14.00000000
11 6 14.21267040
1045 6 15.03329638
1032 6 16.27882060
1042 6 16.27882060
1033 6 17.69180601
1041 6 18.02775638
1034 6 19.10497317
1035 6 20.51828453
2 7 1.41421356
6 7 1.41421356
5 7 4.47213595
1 7 5.09901951
4 7 5.38516481
3 7 6.32455532
10 7 7.00000000
9 7 8.06225775
8 7 9.21954446
11 7 14.14213562
1043 7 14.14213562
1044 7 15.03329638
1045 7 16.00000000
1032 7 16.27882060
1042 7 17.11724277
1041 7 18.68154169
9 8 1.41421356
1 8 5.00000000
11 8 8.06225775
2 8 8.54400375
7 8 9.21954446
6 8 10.04987562
5 8 11.18033989
4 8 11.40175425
3 8 11.70469991
1043 8 16.27882060
1044 8 16.40121947
1041 8 16.49242250
1042 8 16.55294536
1045 8 16.64331698
8 9 1.41421356
10 9 1.41421356
1 9 3.60555128
2 9 7.28010989
7 9 8.06225775
6 9 9.00000000
11 9 9.21954446
5 9 10.44030651
4 9 10.77032961
3 9 11.18033989
1043 9 16.40121947
1044 9 16.64331698
1045 9 17.00000000
1042 9 17.08800749
1041 9 17.26267650
9 10 1.41421356
1 10 2.23606798
2 10 6.08276253
7 10 7.00000000
6 10 8.06225775
5 10 9.84885780
4 10 10.29563014
11 10 10.44030651
3 10 10.81665383
1043 10 16.64331698
1044 10 17.00000000
1045 10 17.46424920
1042 10 17.72004515
1041 10 18.11077028
1032 11 2.23606798
8 11 8.06225775
9 11 9.21954446
1041 11 9.43398113
10 11 10.44030651
1042 11 10.63014581
1045 11 11.66190379
1 11 12.08304597
1044 11 12.08304597
3 11 12.64911064
1043 11 12.64911064
4 11 13.00000000
5 11 13.41640786
7 11 14.14213562
2 11 14.21267040
6 11 14.21267040
13 12 1.41421356
1025 12 1.41421356
1023 12 7.07106781
1022 12 7.21110255
14 12 8.06225775
15 12 9.48683298
1021 12 9.84885780
38 12 10.77032961
1019 12 12.36931688
1020 12 13.60147051
1018 12 14.31782106
1014 12 17.46424920
30 12 20.51828453
31 12 20.61552813
32 12 20.80865205
33 12 21.63330765
1009 12 22.20360331
1013 12 25.00000000
27 12 26.83281573
34 12 28.23118843
1052 12 29.06888371
1053 12 30.06659276
1054 12 33.06055051
1055 12 35.12833614
1064 12 36.67424164
12 13 1.41421356
16 13 4.47213595
1023 13 6.32455532
14 13 7.00000000
1022 13 7.07106781
15 13 8.24621125
38 13 9.48683298
1021 13 10.44030651
1019 13 13.15294644
1020 13 15.00000000
1018 13 15.13274595
1014 13 18.78829423
29 13 19.10497317
30 13 19.10497317
31 13 19.20937271
32 13 19.41648784
28 13 20.00000000
33 13 20.24845673
1009 13 23.08679276
27 13 25.49509757
1013 13 26.24880950
34 13 26.92582404
35 13 27.51363298
1052 13 30.01666204
1053 13 31.01612484
1054 13 34.01470270
1055 13 36.22154055
1064 13 37.85498646
15 14 2.23606798
1023 14 2.23606798
16 14 6.40312424
13 14 7.00000000
12 14 8.06225775
1025 14 9.21954446
1024 14 10.44030651
17 14 11.70469991
18 14 12.64911064
1026 14 12.64911064
29 14 15.23154621
28 14 16.76305461
26 14 19.10497317
1039 14 19.69771560
1040 14 19.72308292
22 14 20.00000000
1020 14 20.00000000
25 14 21.02379604
1028 14 21.18962010
24 14 22.36067977
1014 14 22.67156810
23 14 23.08679276
0 14 23.53720459
1013 14 29.15475947
1063 14 42.94182111
1062 14 44.29446918
38 15 1.41421356
14 15 2.23606798
16 15 6.32455532
13 15 8.24621125
12 15 9.48683298
17 15 10.29563014
1025 15 10.77032961
18 15 11.18033989
32 15 12.04159458
1024 15 12.08304597
31 15 12.20655562
30 15 12.52996409
29 15 13.00000000
1026 15 14.31782106
28 15 14.56021978
26 15 17.02938637
22 15 18.02775638
21 15 18.78829423
25 15 19.10497317
24 15 20.61552813
1039 15 21.47091055
23 15 21.54065923
1040 15 21.63330765
0 15 21.84032967
1020 15 22.02271555
1014 15 24.83948470
1013 15 31.38470965
1063 15 45.17742799
1062 15 46.52956050
13 16 4.47213595
15 16 6.32455532
14 16 6.40312424
17 16 7.07106781
38 16 7.07106781
1023 16 7.21110255
1022 16 9.48683298
39 16 12.04159458
1021 16 14.03566885
29 16 14.86606875
30 16 15.00000000
31 16 15.26433752
28 16 15.62049935
32 16 15.65247584
26 16 16.55294536
33 16 16.55294536
22 16 16.76305461
1019 16 17.00000000
25 16 17.46424920
43 16 20.02498439
44 16 21.00000000
27 16 22.13594362
1014 16 23.25940670
34 16 23.76972865
35 16 24.51530134
37 16 25.07987241
36 16 25.31797780
1013 16 30.67572330
1052 16 34.01470270
1055 16 40.44749683
1064 16 42.20189569
18 17 1.00000000
16 17 7.07106781
22 17 9.84885780
26 17 10.00000000
38 17 10.00000000
15 17 10.29563014
28 17 10.29563014
25 17 10.44030651
29 17 10.44030651
30 17 11.18033989
14 17 11.70469991
31 17 12.04159458
32 17 13.00000000
1023 17 13.34166406
39 17 13.60147051
1022 17 16.12451550
41 17 18.02775638
43 17 20.61552813
1021 17 21.00000000
44 17 21.18962010
42 17 21.47091055
34 17 22.02271555
35 17 23.08679276
1019 17 24.02082430
36 17 24.18677324
37 17 24.51530134
1052 17 41.04875150
17 18 1.00000000
19 18 1.41421356
21 18 7.61577311
22 18 8.94427191
26 18 9.21954446
25 18 9.48683298
28 18 9.84885780
24 18 10.00000000
29 18 10.19803903
23 18 10.44030651
38 18 10.81665383
0 18 11.04536102
30 18 11.04536102
15 18 11.18033989
31 18 12.00000000
14 18 12.64911064
32 18 13.03840481
39 18 14.21267040
1023 18 14.31782106
1022 18 17.11724277
41 18 18.60107524
43 18 21.02379604
44 18 21.54065923
42 18 21.95449840
34 18 22.09072203
35 18 23.19482701
36 18 24.33105012
37 18 24.73863375
18 19 1.41421356
20 19 1.41421356
21 19 6.32455532
22 19 8.60232527
25 19 8.94427191
24 19 9.05538514
23 19 9.21954446
26 19 9.21954446
0 19 10.00000000
28 19 10.44030651
29 19 11.04536102
30 19 12.00000000
31 19 13.03840481
32 19 14.14213562
39 19 15.62049935
41 19 20.00000000
43 19 22.36067977
44 19 22.84731932
42 19 23.32380758
35 19 24.33105012
36 19 25.49509757
37 19 25.96150997
19 20 1.41421356
21 20 5.09901951
23 20 8.06225775
24 20 8.24621125
22 20 8.48528137
25 20 8.60232527
0 20 9.05538514
26 20 9.43398113
28 20 11.18033989
29 20 12.00000000
30 20 13.03840481
31 20 14.14213562
32 20 15.29705854
39 20 17.02938637
41 20 21.40093456
43 20 23.70653918
44 20 24.16609195
42 20 24.69817807
36 20 26.68332813
37 20 27.20294102
23 21 3.00000000
24 21 4.24264069
0 21 4.47213595
20 21 5.09901951
19 21 6.32455532
25 21 6.32455532
22 21 7.07106781
18 21 7.61577311
26 21 9.00000000
28 21 12.36931688
29 21 13.92838828
30 21 15.23154621
31 21 16.55294536
32 21 17.88854382
38 21 18.35755975
15 21 18.78829423
39 21 21.26029163
40 21 22.67156810
41 21 25.45584412
43 21 27.20294102
44 21 27.45906044
42 21 28.42534081
25 22 1.41421356
26 22 2.23606798
24 22 4.47213595
28 22 6.40312424
21 22 7.07106781
23 22 7.28010989
20 22 8.48528137
29 22 8.48528137
19 22 8.60232527
18 22 8.94427191
17 22 9.84885780
16 22 16.76305461
38 22 17.11724277
15 22 18.02775638
39 22 18.38477631
40 22 19.69771560
14 22 20.00000000
41 22 21.95449840
1023 22 22.02271555
43 22 22.67156810
42 22 24.20743687
1022 22 25.07987241
1021 22 30.26549190
1019 22 33.37663854
1055 22 57.07013229
1064 22 58.94064811
0 23 2.23606798
21 23 3.00000000
24 23 3.00000000
25 23 6.08276253
22 23 7.28010989
20 23 8.06225775
19 23 9.21954446
26 23 9.48683298
18 23 10.44030651
28 23 13.41640786
29 23 15.26433752
30 23 16.64331698
31 23 18.02775638
32 23 19.41648784
38 23 21.02379604
15 23 21.54065923
14 23 23.08679276
39 23 23.60084744
40 23 25.00000000
41 23 27.65863337
43 23 29.06888371
44 23 29.20616373
42 23 30.41381265
0 24 1.41421356
23 24 3.00000000
25 24 3.16227766
21 24 4.24264069
22 24 4.47213595
20 24 8.24621125
19 24 9.05538514
18 24 10.00000000
28 24 10.81665383
29 24 12.80624847
30 24 14.21267040
31 24 15.62049935
32 24 17.02938637
38 24 19.92485885
15 24 20.61552813
39 24 21.95449840
14 24 22.36067977
40 24 23.32380758
1023 24 24.18677324
41 24 25.80697580
43 24 26.87005769
44 24 26.90724809
1022 24 27.07397274
42 24 28.31960452
22 25 1.41421356
24 25 3.16227766
23 25 6.08276253
21 25 6.32455532
20 25 8.60232527
19 25 8.94427191
18 25 9.48683298
17 25 10.44030651
16 25 17.46424920
38 25 18.24828759
15 25 19.10497317
39 25 19.69771560
14 25 21.02379604
40 25 21.02379604
1023 25 23.00000000
41 25 23.32380758
43 25 24.08318916
42 25 25.61249695
1022 25 26.01922366
1021 25 31.14482300
1019 25 34.23448554
1055 25 57.87054518
22 26 2.23606798
28 26 4.24264069
29 26 6.40312424
21 26 9.00000000
18 26 9.21954446
19 26 9.21954446
20 26 9.43398113
23 26 9.48683298
17 26 10.00000000
38 26 16.00000000
16 26 16.55294536
39 26 16.76305461
15 26 17.02938637
40 26 18.02775638
14 26 19.10497317
41 26 20.12461180
1023 26 21.21320344
42 26 22.20360331
1022 26 24.33105012
1021 26 29.61418579
1019 26 32.75667871
1013 26 47.16990566
1055 26 56.51548460
1064 26 58.52349955
1063 26 61.09828148
34 27 2.23606798
35 27 3.60555128
36 27 5.00000000
33 27 6.00000000
37 27 6.40312424
44 27 7.00000000
43 27 8.06225775
41 27 11.18033989
39 27 12.04159458
40 27 12.04159458
38 27 16.12451550
16 27 22.13594362
13 27 25.49509757
12 27 26.83281573
1025 27 28.17800561
1024 27 29.52964612
1039 27 38.94868419
29 28 2.23606798
26 28 4.24264069
22 28 6.40312424
18 28 9.84885780
17 28 10.29563014
19 28 10.44030651
24 28 10.81665383
20 28 11.18033989
21 28 12.36931688
39 28 13.15294644
38 28 13.34166406
23 28 13.41640786
40 28 14.31782106
15 28 14.56021978
16 28 15.62049935
41 28 16.15549442
14 28 16.76305461
1023 28 18.97366596
13 28 20.00000000
1021 28 27.51363298
1014 28 38.58756276
1013 28 45.61797891
1064 28 56.64803615
1063 28 59.50630219
1062 28 60.83584470
30 29 1.41421356
28 29 2.23606798
26 29 6.40312424
22 29 8.48528137
18 29 10.19803903
17 29 10.44030651
19 29 11.04536102
39 29 11.04536102
38 29 11.70469991
20 29 12.00000000
40 29 12.16552506
24 29 12.80624847
15 29 13.00000000
21 29 13.92838828
41 29 13.92838828
43 29 14.21267040
16 29 14.86606875
14 29 15.23154621
23 29 15.26433752
42 29 15.81138830
1023 29 17.46424920
13 29 19.10497317
1020 29 34.05877273
1014 29 37.44329045
1013 29 44.29446918
1063 29 58.13776741
1062 29 59.48108943
29 30 1.41421356
31 30 1.41421356
39 30 10.00000000
18 30 11.04536102
40 30 11.04536102
17 30 11.18033989
38 30 11.18033989
19 30 12.00000000
15 30 12.52996409
41 30 12.64911064
43 30 12.80624847
20 30 13.03840481
24 30 14.21267040
42 30 14.42220510
16 30 15.00000000
21 30 15.23154621
23 30 16.64331698
13 30 19.10497317
12 30 20.51828453
1025 30 21.93171220
1024 30 23.34523506
1040 30 33.24154028
1020 30 33.97057550
1014 30 37.20215048
1013 30 43.90899680
30 31 1.41421356
32 31 1.41421356
39 31 9.05538514
40 31 10.00000000
38 31 10.81665383
41 31 11.40175425
43 31 11.40175425
18 31 12.00000000
17 31 12.04159458
15 31 12.20655562
19 31 13.03840481
42 31 13.03840481
20 31 14.14213562
16 31 15.26433752
24 31 15.62049935
21 31 16.55294536
23 31 18.02775638
13 31 19.20937271
12 31 20.61552813
1025 31 22.02271555
1024 31 23.43074903
1040 31 33.30165161
1020 31 33.94112550
1014 31 37.01351105
33 32 1.00000000
31 32 1.41421356
39 32 8.24621125
34 32 9.05538514
40 32 9.05538514
44 32 9.89949494
43 32 10.00000000
35 32 10.19803903
41 32 10.19803903
38 32 10.63014581
36 32 11.40175425
42 32 11.66190379
15 32 12.04159458
37 32 12.08304597
17 32 13.00000000
18 32 13.03840481
19 32 14.14213562
20 32 15.29705854
16 32 15.65247584
24 32 17.02938637
21 32 17.88854382
13 32 19.41648784
23 32 19.41648784
12 32 20.80865205
1025 32 22.20360331
1024 32 23.60084744
1040 32 33.42154993
1020 32 33.97057550
32 33 1.00000000
27 33 6.00000000
34 33 8.06225775
39 33 8.54400375
35 33 9.21954446
40 33 9.21954446
44 33 9.21954446
43 33 9.43398113
41 33 10.04987562
36 33 10.44030651
37 33 11.18033989
42 33 11.18033989
38 33 11.31370850
16 33 16.55294536
13 33 20.24845673
12 33 21.63330765
1025 33 23.02172887
1024 33 24.41311123
1040 33 34.20526275
1020 33 34.71310992
35 34 1.41421356
27 34 2.23606798
37 34 4.47213595
44 34 6.32455532
43 34 7.61577311
33 34 8.06225775
32 34 9.05538514
41 34 11.40175425
40 34 12.80624847
39 34 13.03840481
38 34 17.46424920
17 34 22.02271555
18 34 22.09072203
16 34 23.76972865
13 34 26.92582404
12 34 28.23118843
34 35 1.41421356
36 35 1.41421356
37 35 3.16227766
27 35 3.60555128
44 35 5.83095189
43 35 7.21110255
33 35 9.21954446
32 35 10.19803903
41 35 11.31370850
40 35 13.03840481
39 35 13.41640786
38 35 18.02775638
17 35 23.08679276
18 35 23.19482701
19 35 24.33105012
16 35 24.51530134
13 35 27.51363298
35 36 1.41421356
37 36 2.00000000
27 36 5.00000000
44 36 5.65685425
33 36 10.44030651
32 36 11.40175425
41 36 11.40175425
40 36 13.41640786
39 36 13.92838828
38 36 18.68154169
17 36 24.18677324
18 36 24.33105012
16 36 25.31797780
19 36 25.49509757
20 36 26.68332813
36 37 2.00000000
35 37 3.16227766
34 37 4.47213595
44 37 4.47213595
27 37 6.40312424
33 37 11.18033989
32 37 12.08304597
40 37 12.64911064
39 37 13.34166406
38 37 18.24828759
17 37 24.51530134
18 37 24.73863375
16 37 25.07987241
19 37 25.96150997
20 37 27.20294102
15 38 1.41421356
39 38 5.00000000
16 38 7.07106781
13 38 9.48683298
17 38 10.00000000
32 38 10.63014581
12 38 10.77032961
18 38 10.81665383
31 38 10.81665383
30 38 11.18033989
33 38 11.31370850
29 38 11.70469991
1025 38 12.08304597
28 38 13.34166406
1024 38 13.41640786
44 38 14.03566885
26 38 16.00000000
27 38 16.12451550
22 38 17.11724277
34 38 17.46424920
35 38 18.02775638
25 38 18.24828759
37 38 18.24828759
21 38 18.35755975
36 38 18.68154169
24 38 19.92485885
23 38 21.02379604
0 38 21.18962010
1039 38 22.82542442
1040 38 23.02172887
1020 38 23.43074903
40 39 1.41421356
41 39 4.47213595
38 39 5.00000000
43 39 8.00000000
32 39 8.24621125
42 39 8.24621125
33 39 8.54400375
31 39 9.05538514
44 39 9.05538514
30 39 10.00000000
29 39 11.04536102
16 39 12.04159458
27 39 12.04159458
34 39 13.03840481
28 39 13.15294644
37 39 13.34166406
35 39 13.41640786
17 39 13.60147051
36 39 13.92838828
18 39 14.21267040
19 39 15.62049935
26 39 16.76305461
20 39 17.02938637
22 39 18.38477631
25 39 19.69771560
21 39 21.26029163
24 39 21.95449840
0 39 23.32380758
23 39 23.60084744
39 40 1.41421356
41 40 3.16227766
42 40 7.07106781
43 40 7.07106781
44 40 8.24621125
32 40 9.05538514
33 40 9.21954446
31 40 10.00000000
30 40 11.04536102
27 40 12.04159458
29 40 12.16552506
37 40 12.64911064
34 40 12.80624847
35 40 13.03840481
36 40 13.41640786
28 40 14.31782106
26 40 18.02775638
22 40 19.69771560
25 40 21.02379604
21 40 22.67156810
24 40 23.32380758
0 40 24.69817807
23 40 25.00000000
40 41 3.16227766
42 41 4.00000000
39 41 4.47213595
43 41 4.47213595
44 41 5.83095189
33 41 10.04987562
32 41 10.19803903
27 41 11.18033989
35 41 11.31370850
31 41 11.40175425
34 41 11.40175425
36 41 11.40175425
30 41 12.64911064
29 41 13.92838828
28 41 16.15549442
17 41 18.02775638
18 41 18.60107524
19 41 20.00000000
26 41 20.12461180
20 41 21.40093456
22 41 21.95449840
25 41 23.32380758
21 41 25.45584412
24 41 25.80697580
0 41 27.20294102
23 41 27.65863337
43 42 2.00000000
41 42 4.00000000
40 42 7.07106781
39 42 8.24621125
33 42 11.18033989
32 42 11.66190379
31 42 13.03840481
30 42 14.42220510
29 42 15.81138830
17 42 21.47091055
18 42 21.95449840
26 42 22.20360331
19 42 23.32380758
22 42 24.20743687
20 42 24.69817807
25 42 25.61249695
24 42 28.31960452
21 42 28.42534081
0 42 29.73213749
23 42 30.41381265
44 43 1.41421356
42 43 2.00000000
41 43 4.47213595
40 43 7.07106781
35 43 7.21110255
34 43 7.61577311
39 43 8.00000000
27 43 8.06225775
33 43 9.43398113
32 43 10.00000000
31 43 11.40175425
30 43 12.80624847
29 43 14.21267040
16 43 20.02498439
17 43 20.61552813
18 43 21.02379604
19 43 22.36067977
22 43 22.67156810
20 43 23.70653918
25 43 24.08318916
24 43 26.87005769
21 43 27.20294102
23 43 29.06888371
43 44 1.41421356
37 44 4.47213595
36 44 5.65685425
35 44 5.83095189
41 44 5.83095189
34 44 6.32455532
27 44 7.00000000
40 44 8.24621125
39 44 9.05538514
33 44 9.21954446
32 44 9.89949494
38 44 14.03566885
16 44 21.00000000
17 44 21.18962010
18 44 21.54065923
19 44 22.84731932
20 44 24.16609195
24 44 26.90724809
21 44 27.45906044
23 44 29.20616373
47 45 1.41421356
71 45 2.23606798
72 45 3.16227766
75 45 6.08276253
76 45 9.05538514
77 45 10.04987562
67 45 11.18033989
70 45 11.31370850
69 45 11.40175425
68 45 12.04159458
66 45 14.14213562
47 46 1.41421356
71 46 5.00000000
72 46 5.83095189
75 46 8.54400375
67 46 9.84885780
76 46 11.40175425
70 46 11.66190379
77 46 12.04159458
69 46 12.08304597
68 46 12.20655562
66 46 12.64911064
45 47 1.41421356
46 47 1.41421356
71 47 3.60555128
72 47 4.47213595
75 47 7.28010989
76 47 10.19803903
67 47 10.44030651
77 47 11.00000000
70 47 11.40175425
69 47 11.66190379
68 47 12.04159458
66 47 13.34166406
49 48 3.16227766
162 48 4.12310563
107 48 4.47213595
106 48 5.83095189
88 48 8.24621125
87 48 9.84885780
109 48 10.63014581
89 48 11.18033989
108 48 11.40175425
86 48 12.52996409
91 48 13.03840481
166 48 13.34166406
161 48 14.03566885
112 48 14.56021978
117 48 15.00000000
167 48 15.13274595
110 48 15.81138830
90 48 17.02938637
111 48 17.08800749
83 48 23.43074903
82 48 24.41311123
107 49 1.41421356
48 49 3.16227766
88 49 7.07106781
162 49 7.28010989
87 49 8.06225775
89 49 9.21954446
86 49 10.44030651
91 49 10.77032961
109 49 12.52996409
108 49 13.41640786
166 49 16.49242250
161 49 17.11724277
112 49 17.26267650
167 49 18.24828759
110 49 18.43908891
111 49 19.64688270
103 50 3.16227766
51 50 4.00000000
52 50 5.09901951
101 50 6.32455532
102 50 7.61577311
100 50 9.84885780
97 50 13.41640786
96 50 13.60147051
93 50 13.92838828
82 50 14.14213562
81 50 14.56021978
95 50 14.86606875
83 50 15.52417470
84 50 16.76305461
94 50 16.97056275
63 50 17.02938637
62 50 20.24845673
52 51 1.41421356
50 51 4.00000000
103 51 5.83095189
99 51 9.43398113
96 51 11.70469991
97 51 12.16552506
95 51 12.52996409
93 51 13.03840481
81 51 14.00000000
63 51 14.21267040
94 51 14.42220510
82 51 15.23154621
83 51 17.00000000
90 51 17.02938637
92 51 17.69180601
84 51 18.35755975
51 52 1.41421356
101 52 1.41421356
50 52 5.09901951
103 52 6.32455532
104 52 8.54400375
99 52 9.84885780
96 52 10.44030651
97 52 11.04536102
95 52 11.18033989
93 52 12.00000000
63 52 12.80624847
81 52 13.03840481
94 52 13.03840481
82 52 14.76482306
83 52 16.64331698
90 52 17.20465053
92 52 17.69180601
84 52 18.02775638
91 52 22.36067977
86 52 23.25940670
54 53 2.00000000
55 53 3.16227766
58 53 5.00000000
57 53 5.38516481
66 53 15.03329638
56 53 18.24828759
100 53 24.18677324
103 53 34.23448554
104 53 36.12478374
99 53 37.05401463
98 53 38.05259518
112 53 69.06518660
110 53 70.02856560
111 53 71.00704190
55 54 1.41421356
53 54 2.00000000
57 54 5.00000000
58 54 5.38516481
66 54 15.29705854
62 54 17.08800749
63 54 20.88061302
95 54 23.76972865
96 54 25.70992026
92 54 41.77319715
90 54 42.42640687
91 54 48.37354649
86 54 49.36598019
89 54 50.24937811
87 54 51.15662225
88 54 53.08483776
109 54 63.03173804
108 54 64.03124237
111 54 71.00704190
54 55 1.41421356
53 55 3.16227766
66 55 14.56021978
100 56 6.00000000
62 56 7.28010989
63 56 7.28010989
61 56 8.54400375
94 56 8.54400375
95 56 8.60232527
64 56 9.84885780
96 56 9.89949494
79 56 11.18033989
97 56 12.04159458
80 56 12.52996409
59 56 12.64911064
57 56 13.03840481
58 56 13.34166406
60 56 13.41640786
78 56 14.42220510
65 56 14.76482306
53 56 18.24828759
99 56 19.02629759
82 56 19.72308292
83 56 21.95449840
92 56 24.69817807
90 56 25.00000000
91 56 30.80584360
86 56 31.78049716
89 56 32.55764119
66 56 33.24154028
87 56 33.37663854
88 56 35.22782991
109 56 45.09988914
108 56 46.09772229
58 57 2.00000000
59 57 3.16227766
54 57 5.00000000
53 57 5.38516481
64 57 12.04159458
79 57 12.04159458
78 57 12.08304597
61 57 12.20655562
80 57 12.20655562
62 57 12.52996409
56 57 13.03840481
63 57 16.15549442
95 57 18.97366596
100 57 19.02629759
66 57 20.22374842
96 57 20.88061302
104 57 31.01612484
99 57 32.00000000
92 57 36.87817783
90 57 37.48332963
91 57 43.41658669
86 57 44.40720662
89 57 45.27692569
87 57 46.17358552
88 57 48.09365863
109 57 58.03447251
108 57 59.03388857
111 57 66.00757532
59 58 1.41421356
57 58 2.00000000
53 58 5.00000000
54 58 5.38516481
79 58 10.63014581
64 58 10.81665383
61 58 11.18033989
62 58 11.70469991
56 58 13.34166406
63 58 15.52417470
95 58 18.43908891
100 58 19.23538406
96 58 20.39607805
103 58 29.27456234
104 58 31.14482300
99 58 32.06243908
98 58 33.06055051
92 58 36.49657518
90 58 37.21558813
91 58 43.18564576
86 58 44.18144407
89 58 45.09988914
87 58 46.04345773
88 58 48.01041554
109 58 58.00000000
112 58 64.07027392
110 58 65.03076195
111 58 66.00757532
58 59 1.41421356
60 59 2.00000000
57 59 3.16227766
78 59 8.94427191
79 59 9.21954446
80 59 9.21954446
64 59 9.43398113
61 59 9.84885780
62 59 10.44030651
56 59 12.64911064
63 59 14.31782106
95 59 17.26267650
100 59 18.43908891
96 59 19.23538406
103 59 28.44292531
104 59 30.26549190
99 59 31.14482300
98 59 32.14031736
92 59 35.35533906
90 59 36.12478374
91 59 42.10700654
86 59 43.10452412
89 59 44.04543109
87 59 45.01110974
88 59 47.00000000
109 59 57.00877125
112 59 63.12685641
110 59 64.07027392
111 59 65.03076195
65 60 1.41421356
59 60 2.00000000
78 60 7.21110255
80 60 7.81024968
79 60 8.06225775
64 60 8.54400375
61 60 9.21954446
62 60 10.04987562
56 60 13.41640786
63 60 14.03566885
95 60 17.02938637
100 60 18.97366596
96 60 19.02629759
103 60 28.86173938
104 60 30.59411708
99 60 31.40063694
98 60 32.38826948
90 60 36.01388621
91 60 42.01190308
105 60 42.42640687
86 60 43.01162634
89 60 44.00000000
87 60 45.01110974
88 60 47.04253395
109 60 57.07889277
112 60 63.28506933
110 60 64.19501538
111 60 65.12296062
62 61 1.41421356
64 61 1.41421356
78 61 6.40312424
56 61 8.54400375
60 61 9.21954446
59 61 9.84885780
65 61 10.04987562
58 61 11.18033989
57 61 12.20655562
61 62 1.41421356
63 62 4.00000000
56 62 7.28010989
78 62 7.81024968
60 62 10.04987562
59 62 10.44030651
100 62 10.63014581
65 62 11.00000000
58 62 11.70469991
57 62 12.52996409
102 62 12.80624847
54 62 17.08800749
103 62 19.69771560
50 62 20.24845673
104 62 21.18962010
99 62 21.84032967
98 62 22.80350850
105 62 32.75667871
89 62 34.01470270
87 62 35.05709629
88 62 37.12142239
109 62 47.16990566
112 62 53.46026562
110 62 54.33231083
111 62 55.22680509
94 63 1.41421356
95 63 3.00000000
62 63 4.00000000
56 63 7.28010989
100 63 8.06225775
102 63 10.00000000
101 63 11.40175425
52 63 12.80624847
60 63 14.03566885
51 63 14.21267040
59 63 14.31782106
58 63 15.52417470
103 63 16.12451550
57 63 16.15549442
50 63 17.02938637
104 63 17.46424920
99 63 18.02775638
98 63 18.97366596
54 63 20.88061302
105 63 28.86173938
89 63 30.01666204
87 63 31.06444913
88 63 33.13608305
109 63 43.18564576
112 63 49.49747468
110 63 50.35871325
161 63 50.44799302
111 63 51.24451190
61 64 1.41421356
79 64 1.41421356
78 64 5.00000000
60 64 8.54400375
65 64 9.21954446
59 64 9.43398113
56 64 9.84885780
58 64 10.81665383
57 64 12.04159458
60 65 1.41421356
78 65 7.07106781
80 65 8.06225775
79 65 8.54400375
64 65 9.21954446
61 65 10.04987562
62 65 11.00000000
56 65 14.76482306
100 65 20.24845673
103 65 30.08321791
104 65 31.78049716
99 65 32.55764119
98 65 33.54101966
105 65 43.56604182
89 65 45.01110974
87 65 46.04345773
88 65 48.09365863
109 65 58.13776741
112 65 64.38167441
110 65 65.27633568
111 65 66.18912297
67 66 3.00000000
46 66 12.64911064
47 66 13.34166406
45 66 14.14213562
55 66 14.56021978
53 66 15.03329638
54 66 15.29705854
57 66 20.22374842
56 66 33.24154028
100 66 39.20459157
103 66 49.25444142
104 66 51.15662225
66 67 3.00000000
68 67 6.32455532
70 67 6.70820393
69 67 8.06225775
46 67 9.84885780
47 67 10.44030651
45 67 11.18033989
71 67 12.00000000
72 67 12.04159458
75 67 12.64911064
77 67 12.80624847
76 67 13.89244399
74 67 13.92838828
73 67 14.31782106
70 68 1.00000000
67 68 6.32455532
75 68 10.19803903
74 68 11.04536102
72 68 11.18033989
71 68 11.66190379
45 68 12.04159458
47 68 12.04159458
46 68 12.20655562
936 68 15.03329638
941 68 30.01666204
70 69 1.41421356
77 69 6.08276253
76 69 8.00000000
67 69 8.06225775
75 69 8.54400375
73 69 9.05538514
74 69 9.21954446
72 69 10.00000000
71 69 10.63014581
45 69 11.40175425
47 69 11.66190379
46 69 12.08304597
936 69 13.15294644
68 70 1.00000000
69 70 1.41421356
67 70 6.70820393
77 70 7.28010989
76 70 9.05538514
75 70 9.21954446
73 70 10.00000000
74 70 10.04987562
72 70 10.29563014
71 70 10.81665383
45 70 11.31370850
47 70 11.40175425
46 70 11.66190379
936 70 14.03566885
941 70 29.01723626
72 71 1.00000000
45 71 2.23606798
47 71 3.60555128
46 71 5.00000000
77 71 8.24621125
69 71 10.63014581
70 71 10.81665383
68 71 11.66190379
67 71 12.00000000
71 72 1.00000000
75 72 3.00000000
45 72 3.16227766
47 72 4.47213595
46 72 5.83095189
77 72 7.28010989
69 72 10.00000000
70 72 10.29563014
68 72 11.18033989
67 72 12.04159458
74 73 1.00000000
76 73 1.41421356
75 73 2.23606798
77 73 3.60555128
935 73 4.00000000
936 73 4.12310563
69 73 9.05538514
70 73 10.00000000
67 73 14.31782106
941 73 19.02629759
73 74 1.00000000
75 74 1.41421356
76 74 2.23606798
936 74 4.00000000
935 74 4.12310563
77 74 4.24264069
69 74 9.21954446
70 74 10.04987562
68 74 11.04536102
67 74 13.92838828
943 74 16.27882060
74 75 1.41421356
73 75 2.23606798
72 75 3.00000000
76 75 3.00000000
77 75 4.47213595
45 75 6.08276253
47 75 7.28010989
46 75 8.54400375
69 75 8.54400375
70 75 9.21954446
68 75 10.19803903
67 75 12.64911064
73 76 1.41421356
74 76 2.23606798
77 76 2.23606798
75 76 3.00000000
69 76 8.00000000
45 76 9.05538514
70 76 9.05538514
47 76 10.19803903
46 76 11.40175425
67 76 13.89244399
76 77 2.23606798
73 77 3.60555128
74 77 4.24264069
75 77 4.47213595
69 77 6.08276253
70 77 7.28010989
72 77 7.28010989
71 77 8.24621125
45 77 10.04987562
47 77 11.00000000
46 77 12.04159458
67 77 12.80624847
80 78 2.23606798
79 78 3.60555128
64 78 5.00000000
61 78 6.40312424
65 78 7.07106781
60 78 7.21110255
62 78 7.81024968
59 78 8.94427191
57 78 12.08304597
56 78 14.42220510
100 78 18.43908891
64 79 1.41421356
80 79 1.41421356
78 79 3.60555128
60 79 8.06225775
65 79 8.54400375
59 79 9.21954446
58 79 10.63014581
56 79 11.18033989
57 79 12.04159458
79 80 1.41421356
78 80 2.23606798
60 80 7.81024968
65 80 8.06225775
59 80 9.21954446
57 80 12.20655562
56 80 12.52996409
93 81 1.41421356
82 81 6.00000000
100 81 11.18033989
102 81 11.40175425
92 81 12.04159458
99 81 12.04159458
103 81 12.08304597
101 81 12.16552506
104 81 12.20655562
98 81 12.72792206
52 81 13.03840481
90 81 13.34166406
51 81 14.00000000
50 81 14.56021978
105 81 21.47091055
106 81 23.70653918
88 81 24.73863375
162 81 33.54101966
166 81 42.54409477
161 81 42.72001873
167 81 44.01136217
83 82 2.23606798
81 82 6.00000000
92 82 6.08276253
93 82 7.07106781
90 82 7.61577311
97 82 8.24621125
99 82 9.21954446
98 82 9.48683298
104 82 10.04987562
96 82 10.44030651
103 82 11.04536102
50 82 14.14213562
102 82 14.21267040
101 82 14.42220510
52 82 14.76482306
100 82 14.86606875
51 82 15.23154621
105 82 16.40121947
106 82 18.60107524
56 82 19.72308292
48 82 24.41311123
162 82 28.30194340
163 82 30.52867504
165 82 34.98571137
166 82 37.12142239
161 82 37.16180835
167 82 38.48376281
84 83 1.41421356
82 83 2.23606798
92 83 4.47213595
90 83 6.40312424
99 83 10.00000000
98 83 10.04987562
104 83 11.04536102
103 83 12.36931688
50 83 15.52417470
105 83 15.55634919
102 83 16.27882060
101 83 16.40121947
52 83 16.64331698
51 83 17.00000000
100 83 17.02938637
106 83 17.69180601
56 83 21.95449840
48 83 23.43074903
85 84 1.00000000
83 84 1.41421356
92 84 4.24264069
90 84 6.40312424
98 84 11.00000000
99 84 11.04536102
104 84 12.16552506
103 84 13.60147051
50 84 16.76305461
102 84 17.69180601
101 84 17.80449381
52 84 18.02775638
51 84 18.35755975
84 85 1.00000000
92 85 5.00000000
90 85 7.21110255
91 86 1.00000000
89 86 1.41421356
105 86 7.07106781
106 86 8.06225775
107 86 9.21954446
49 86 10.44030651
48 86 12.52996409
98 86 12.52996409
99 86 13.41640786
162 86 15.62049935
163 86 17.69180601
52 86 23.25940670
101 86 23.76972865
102 86 24.35159132
100 86 25.96150997
56 86 31.78049716
60 86 43.01162634
59 86 43.10452412
58 86 44.18144407
57 86 44.40720662
54 86 49.36598019
89 87 1.41421356
88 87 2.23606798
91 87 3.60555128
105 87 5.83095189
106 87 6.08276253
107 87 7.00000000
49 87 8.06225775
90 87 9.21954446
48 87 9.84885780
162 87 12.80624847
98 87 13.60147051
99 87 14.56021978
163 87 14.86606875
165 87 19.10497317
161 87 20.59126028
166 87 20.80865205
167 87 21.95449840
93 87 23.34523506
97 87 24.18677324
102 87 25.70992026
96 87 26.07680962
100 87 27.45906044
95 87 28.07133770
63 87 31.06444913
56 87 33.37663854
62 87 35.05709629
59 87 45.01110974
60 87 45.01110974
58 87 46.04345773
65 87 46.04345773
57 87 46.17358552
54 87 51.15662225
87 88 2.23606798
106 88 5.83095189
107 88 6.32455532
105 88 6.40312424
49 88 7.07106781
48 88 8.24621125
109 88 10.04987562
162 88 10.81665383
90 88 11.40175425
163 88 12.80624847
98 88 15.29705854
99 88 16.27882060
112 88 16.49242250
165 88 16.97056275
110 88 17.26267650
111 88 18.11077028
161 88 18.35755975
166 88 18.60107524
167 88 19.72308292
81 88 24.73863375
93 88 25.49509757
97 88 26.30589288
102 88 27.45906044
96 88 28.16025568
100 88 29.27456234
95 88 30.14962686
63 88 33.13608305
56 88 35.22782991
62 88 37.12142239
59 88 47.00000000
60 88 47.04253395
58 88 48.01041554
57 88 48.09365863
65 88 48.09365863
54 88 53.08483776
86 89 1.41421356
87 89 1.41421356
91 89 2.23606798
105 89 6.32455532
106 89 7.00000000
90 89 8.06225775
107 89 8.06225775
49 89 9.21954446
48 89 11.18033989
98 89 13.00000000
99 89 13.92838828
162 89 14.21267040
163 89 16.27882060
97 89 23.08679276
101 89 24.35159132
102 89 25.00000000
96 89 25.01999201
100 89 26.68332813
95 89 27.01851217
63 89 30.01666204
56 89 32.55764119
62 89 34.01470270
60 89 44.00000000
59 89 44.04543109
65 89 45.01110974
58 89 45.09988914
57 89 45.27692569
54 89 50.24937811
92 90 2.23606798
91 90 6.00000000
83 90 6.40312424
84 90 6.40312424
85 90 7.21110255
98 90 7.21110255
82 90 7.61577311
99 90 7.81024968
89 90 8.06225775
87 90 9.21954446
104 90 9.21954446
105 90 9.21954446
103 90 11.31370850
106 90 11.31370850
88 90 11.40175425
81 90 13.34166406
93 90 14.14213562
97 90 15.03329638
96 90 17.00000000
48 90 17.02938637
51 90 17.02938637
52 90 17.20465053
101 90 17.49285568
102 90 17.88854382
100 90 19.31320792
162 90 20.80865205
163 90 23.02172887
56 90 25.00000000
165 90 27.45906044
166 90 29.52964612
161 90 29.54657341
167 90 30.87069808
60 90 36.01388621
59 90 36.12478374
58 90 37.21558813
57 90 37.48332963
54 90 42.42640687
86 91 1.00000000
89 91 2.23606798
87 91 3.60555128
90 91 6.00000000
105 91 7.00000000
106 91 8.24621125
107 91 9.48683298
49 91 10.77032961
98 91 11.66190379
99 91 12.52996409
48 91 13.03840481
162 91 16.27882060
163 91 18.38477631
52 91 22.36067977
165 91 22.67156810
101 91 22.84731932
102 91 23.40939982
166 91 24.41311123
100 91 25.00000000
56 91 30.80584360
60 91 42.01190308
59 91 42.10700654
58 91 43.18564576
57 91 43.41658669
54 91 48.37354649
90 92 2.23606798
84 92 4.24264069
83 92 4.47213595
85 92 5.00000000
82 92 6.08276253
98 92 8.54400375
99 92 8.94427191
104 92 10.29563014
81 92 12.04159458
103 92 12.20655562
93 92 13.00000000
97 92 14.03566885
96 92 16.12451550
51 92 17.69180601
52 92 17.69180601
101 92 17.80449381
102 92 18.02775638
100 92 19.23538406
56 92 24.69817807
59 92 35.35533906
58 92 36.49657518
57 92 36.87817783
54 92 41.77319715
81 93 1.41421356
97 93 1.41421356
82 93 7.07106781
100 93 9.84885780
102 93 10.19803903
101 93 11.04536102
103 93 11.66190379
52 93 12.00000000
99 93 12.04159458
104 93 12.04159458
98 93 12.80624847
92 93 13.00000000
51 93 13.03840481
50 93 13.92838828
90 93 14.14213562
105 93 21.93171220
87 93 23.34523506
88 93 25.49509757
112 93 41.97618372
166 93 43.08131846
161 93 43.32435804
167 93 44.59820624
63 94 1.41421356
95 94 2.23606798
56 94 8.54400375
100 94 8.54400375
102 94 10.29563014
101 94 11.66190379
52 94 13.03840481
51 94 14.42220510
103 94 15.81138830
50 94 16.97056275
104 94 17.00000000
96 95 2.00000000
94 95 2.23606798
63 95 3.00000000
100 95 7.07106781
102 95 8.54400375
56 95 8.60232527
101 95 9.84885780
52 95 11.18033989
51 95 12.52996409
103 95 13.60147051
104 95 14.76482306
50 95 14.86606875
99 95 15.23154621
98 95 16.15549442
60 95 17.02938637
59 95 17.26267650
58 95 18.43908891
57 95 18.97366596
54 95 23.76972865
105 95 25.96150997
89 95 27.01851217
87 95 28.07133770
88 95 30.14962686
112 95 46.52956050
110 95 47.38143096
161 95 47.53945730
111 95 48.25971405
167 95 48.76474136
95 96 2.00000000
97 96 2.23606798
100 96 7.07106781
102 96 8.06225775
101 96 9.21954446
56 96 9.89949494
52 96 10.44030651
82 96 10.44030651
51 96 11.70469991
103 96 12.04159458
104 96 13.03840481
99 96 13.41640786
50 96 13.60147051
98 96 14.31782106
92 96 16.12451550
90 96 17.00000000
60 96 19.02629759
59 96 19.23538406
58 96 20.39607805
57 96 20.88061302
105 96 24.04163056
89 96 25.01999201
54 96 25.70992026
87 96 26.07680962
88 96 28.16025568
112 96 44.55333882
110 96 45.39823785
161 96 45.60701700
111 96 46.27094121
167 96 46.84015371
93 97 1.41421356
96 97 2.23606798
82 97 8.24621125
100 97 8.54400375
102 97 9.05538514
101 97 10.00000000
52 97 11.04536102
103 97 11.40175425
56 97 12.04159458
104 97 12.04159458
51 97 12.16552506
99 97 12.20655562
98 97 13.03840481
50 97 13.41640786
92 97 14.03566885
90 97 15.03329638
105 97 22.47220505
89 97 23.08679276
87 97 24.18677324
88 97 26.30589288
112 97 42.75511665
110 97 43.56604182
166 97 43.65775991
161 97 43.96589587
167 97 45.22167622
99 98 1.00000000
90 98 7.21110255
92 98 8.54400375
82 98 9.48683298
83 98 10.04987562
105 98 10.04987562
84 98 11.00000000
91 98 11.66190379
86 98 12.52996409
81 98 12.72792206
93 98 12.80624847
89 98 13.00000000
97 98 13.03840481
87 98 13.60147051
96 98 14.31782106
88 98 15.29705854
95 98 16.15549442
63 98 18.97366596
62 98 22.80350850
109 98 25.07987241
108 98 26.07680962
112 98 31.01612484
110 98 32.00000000
59 98 32.14031736
60 98 32.38826948
111 98 33.01514804
58 98 33.06055051
65 98 33.54101966
53 98 38.05259518
98 99 1.00000000
104 99 1.41421356
103 99 3.60555128
90 99 7.81024968
92 99 8.94427191
82 99 9.21954446
51 99 9.43398113
52 99 9.84885780
83 99 10.00000000
101 99 10.44030651
84 99 11.04536102
102 99 11.18033989
81 99 12.04159458
93 99 12.04159458
97 99 12.20655562
91 99 12.52996409
100 99 13.03840481
86 99 13.41640786
96 99 13.41640786
89 99 13.92838828
87 99 14.56021978
95 99 15.23154621
88 99 16.27882060
63 99 18.02775638
56 99 19.02629759
62 99 21.84032967
109 99 26.07680962
108 99 27.07397274
59 99 31.14482300
60 99 31.40063694
57 99 32.00000000
58 99 32.06243908
65 99 32.55764119
111 99 34.01470270
53 99 37.05401463
102 100 2.23606798
56 100 6.00000000
95 100 7.07106781
96 100 7.07106781
63 100 8.06225775
94 100 8.54400375
97 100 8.54400375
50 100 9.84885780
93 100 9.84885780
103 100 10.04987562
62 100 10.63014581
81 100 11.18033989
104 100 12.00000000
99 100 13.03840481
82 100 14.86606875
83 100 17.02938637
59 100 18.43908891
78 100 18.43908891
60 100 18.97366596
57 100 19.02629759
58 100 19.23538406
92 100 19.23538406
90 100 19.31320792
65 100 20.24845673
53 100 24.18677324
91 100 25.00000000
86 100 25.96150997
89 100 26.68332813
87 100 27.45906044
88 100 29.27456234
66 100 39.20459157
52 101 1.41421356
102 101 1.41421356
50 101 6.32455532
103 101 7.07106781
96 101 9.21954446
104 101 9.21954446
95 101 9.84885780
97 101 10.00000000
99 101 10.44030651
93 101 11.04536102
63 101 11.40175425
94 101 11.66190379
81 101 12.16552506
82 101 14.42220510
83 101 16.40121947
90 101 17.49285568
84 101 17.80449381
92 101 17.80449381
91 101 22.84731932
86 101 23.76972865
89 101 24.35159132
101 102 1.41421356
100 102 2.23606798
50 102 7.61577311
103 102 8.00000000
96 102 8.06225775
95 102 8.54400375
97 102 9.05538514
63 102 10.00000000
104 102 10.04987562
93 102 10.19803903
94 102 10.29563014
99 102 11.18033989
81 102 11.40175425
62 102 12.80624847
82 102 14.21267040
83 102 16.27882060
84 102 17.69180601
90 102 17.88854382
92 102 18.02775638
91 102 23.40939982
86 102 24.35159132
89 102 25.00000000
87 102 25.70992026
88 102 27.45906044
104 103 2.23606798
50 103 3.16227766
99 103 3.60555128
51 103 5.83095189
52 103 6.32455532
101 103 7.07106781
102 103 8.00000000
100 103 10.04987562
82 103 11.04536102
90 103 11.31370850
97 103 11.40175425
93 103 11.66190379
96 103 12.04159458
81 103 12.08304597
92 103 12.20655562
83 103 12.36931688
84 103 13.60147051
95 103 13.60147051
94 103 15.81138830
63 103 16.12451550
62 103 19.69771560
59 103 28.44292531
60 103 28.86173938
58 103 29.27456234
65 103 30.08321791
53 103 34.23448554
66 103 49.25444142
99 104 1.41421356
103 104 2.23606798
52 104 8.54400375
90 104 9.21954446
101 104 9.21954446
82 104 10.04987562
102 104 10.04987562
92 104 10.29563014
83 104 11.04536102
100 104 12.00000000
93 104 12.04159458
97 104 12.04159458
84 104 12.16552506
81 104 12.20655562
96 104 13.03840481
95 104 14.76482306
94 104 17.00000000
63 104 17.46424920
62 104 21.18962010
59 104 30.26549190
60 104 30.59411708
57 104 31.01612484
58 104 31.14482300
65 104 31.78049716
53 104 36.12478374
66 104 51.15662225
106 105 2.23606798
87 105 5.83095189
89 105 6.32455532
88 105 6.40312424
91 105 7.00000000
86 105 7.07106781
90 105 9.21954446
98 105 10.04987562
162 105 12.08304597
109 105 15.29705854
83 105 15.55634919
108 105 16.27882060
82 105 16.40121947
112 105 21.00000000
166 105 21.18962010
81 105 21.47091055
161 105 21.58703314
93 105 21.93171220
110 105 22.02271555
97 105 22.47220505
167 105 22.80350850
111 105 23.08679276
96 105 24.04163056
95 105 25.96150997
63 105 28.86173938
62 105 32.75667871
60 105 42.42640687
65 105 43.56604182
107 106 1.41421356
105 106 2.23606798
48 106 5.83095189
88 106 5.83095189
87 106 6.08276253
89 106 7.00000000
86 106 8.06225775
91 106 8.24621125
162 106 9.84885780
90 106 11.31370850
109 106 13.60147051
108 106 14.56021978
83 106 17.69180601
82 106 18.60107524
166 106 18.97366596
112 106 19.02629759
161 106 19.41648784
110 106 20.09975124
167 106 20.61552813
111 106 21.21320344
81 106 23.70653918
49 107 1.41421356
106 107 1.41421356
48 107 4.47213595
88 107 6.32455532
87 107 7.00000000
89 107 8.06225775
162 107 8.54400375
86 107 9.21954446
91 107 9.48683298
109 107 13.00000000
108 107 13.92838828
166 107 17.72004515
112 107 18.11077028
161 107 18.24828759
110 107 19.23538406
167 107 19.41648784
111 107 20.39607805
109 108 1.00000000
118 108 1.41421356
117 108 3.60555128
112 108 5.83095189
110 108 6.32455532
111 108 7.07106781
161 108 9.43398113
162 108 9.43398113
163 108 9.48683298
166 108 10.77032961
165 108 11.04536102
48 108 11.40175425
164 108 11.40175425
49 108 13.41640786
107 108 13.92838828
106 108 14.56021978
105 108 16.27882060
98 108 26.07680962
99 108 27.07397274
56 108 46.09772229
57 108 59.03388857
54 108 64.03124237
108 109 1.00000000
112 109 6.70820393
110 109 7.28010989
111 109 8.06225775
162 109 8.94427191
163 109 9.21954446
